2.141687501124162896e-01
2.127012524890467826e-01
2.112434007424026650e-01
2.097953984570342933e-01
2.083574451319676057e-01
2.069297356681635280e-01
2.055124598775396605e-01
2.041058020171156173e-01
2.027099403515131293e-01
2.013250467466753402e-01
1.999512862972611660e-01
1.985888169897446209e-01
1.972377894028017054e-01
1.958983464461138968e-01
1.945706231382682838e-01
1.932547464239929846e-01
1.919508350305436095e-01
1.906589993626574830e-01
1.893793414351294113e-01
1.881119548417241050e-01
1.868569247588525439e-01
1.856143279821829140e-01
1.843842329941505209e-01
1.831667000601597817e-01
1.819617813511492654e-01
1.807695210901043292e-01
1.795899557200537622e-01
1.784231140910792490e-01
1.772690176638819226e-01
1.761276807275052314e-01
1.749991106288828757e-01
1.738833080119794872e-01
1.727802670644024152e-01
1.716899757694902717e-01
1.706124161620218849e-01
1.695475645858309510e-01
1.684953919517613308e-01
1.674558639945485095e-01
1.664289415273581263e-01
1.654145806928624396e-01
1.644127332098745953e-01
1.634233466146967351e-01
1.624463644964678211e-01
1.614817267259159306e-01
1.605293696770349887e-01
1.595892264413079908e-01
1.586612270341951347e-01
1.577452985936900753e-01
1.568413655708281451e-01
1.559493499120957194e-01
1.550691712337535777e-01
1.542007469881398196e-01
1.533439926220631633e-01
1.524988217274370617e-01
1.516651461843379900e-01
1.508428762966982084e-01
1.500319209208651194e-01
1.492321875872759940e-01
1.484435826155104943e-01
1.476660112229915001e-01
1.468993776276101282e-01
1.461435851445552214e-01
1.453985362776253343e-01
1.446641328053009101e-01
1.439402758618499312e-01
1.432268660137336336e-01
1.425238033315753827e-01
1.418309874579430363e-01
1.411483176711919030e-01
1.404756929456014991e-01
1.398130120080328387e-01
1.391601733913211958e-01
1.385170754846098973e-01
1.378836165808199898e-01
1.372596949214405504e-01
1.366452087388144720e-01
1.360400562960843995e-01
1.354441359249537735e-01
1.348573460614083397e-01
1.342795852795347633e-01
1.337107523235638862e-01
1.331507461382576696e-01
1.325994658977504570e-01
1.320568110329490286e-01
1.315226812575860105e-01
1.309969765930165952e-01
1.304795973918409235e-01
1.299704443604278170e-01
1.294694185804112774e-01
1.289764215292234506e-01
1.284913550997246467e-01
1.280141216189857045e-01
1.275446238662718557e-01
1.270827650902754957e-01
1.266284490256402717e-01
1.261815799088138457e-01
1.257420624932664988e-01
1.253098020641067456e-01
1.248847044521234489e-01
1.244666760472810940e-01
1.240556238116930776e-01
1.236514552920941618e-01
1.232540786318326725e-01
1.228634025823996667e-01
1.224793365145128432e-01
1.221017904287680506e-01
1.217306749658730175e-01
1.213659014164747557e-01
1.210073817305914040e-01
1.206550285266585198e-01
1.203087551001979505e-01
1.199684754321179297e-01
1.196341041966506868e-01
1.193055567689350338e-01
1.189827492322481778e-01
1.186655983848938917e-01
1.183540217467501238e-01
1.180479375654815283e-01
1.177472648224206497e-01
1.174519232381210920e-01
1.171618332775868770e-01
1.168769161551803798e-01
1.165970938392129480e-01
1.163222890562200101e-01
1.160524252949246271e-01
1.157874268098916387e-01
1.155272186248751665e-01
1.152717265358622900e-01
1.150208771138161029e-01
1.147745977071199103e-01
1.145328164437261209e-01
1.142954622330127762e-01
1.140624647673498249e-01
1.138337545233791548e-01
1.136092627630105323e-01
1.133889215341374462e-01
1.131726636710759099e-01
1.129604227947288847e-01
1.127521333124813924e-01
1.125477304178284510e-01
1.123471500897405689e-01
1.121503290917703066e-01
1.119572049709040146e-01
1.117677160561630495e-01
1.115818014569586042e-01
1.113994010612042451e-01
1.112204555331917227e-01
1.110449063112332602e-01
1.108726956050763574e-01
1.107037663930953153e-01
1.105380624192644351e-01
1.103755281899183316e-01
1.102161089703043578e-01
1.100597507809321779e-01
1.099064003937264555e-01
1.097560053279872938e-01
1.096085138461643654e-01
1.094638749494508262e-01
1.093220383732010498e-01
1.091829545821802055e-01
1.090465747656487738e-01
1.089128508322901867e-01
1.087817354049856328e-01
1.086531818154427842e-01
1.085271440986840530e-01
1.084035769874000937e-01
1.082824359061745345e-01
1.081636769655861530e-01
1.080472569561933549e-01
1.079331333424078110e-01
1.078212642562630524e-01
1.077116084910824112e-01
1.076041254950542148e-01
1.074987753647181909e-01
1.073955188383694664e-01
1.072943172893858627e-01
1.071951327194838183e-01
1.070979277519084338e-01
1.070026656245633007e-01
1.069093101830850406e-01
1.068178258738685243e-01
1.067281777370472085e-01
1.066403313994341850e-01
1.065542530674290361e-01
1.064699095198948231e-01
1.063872681010109705e-01
1.063062967131058190e-01
1.062269638094743979e-01
1.061492383871850825e-01
1.060730899798801863e-01
1.059984886505747903e-01
1.059254049844572942e-01
1.058538100816968364e-01
1.057836755502605947e-01
1.057149734987455625e-01
1.056476765292278103e-01
1.055817577301337712e-01
1.055171906691359796e-01
1.054539493860775778e-01
1.053920083859280765e-01
1.053313426317740720e-01
1.052719275378478092e-01
1.052137389625960040e-01
1.051567532017923245e-01
1.051009469816960445e-01
1.050462974522586301e-01
1.049927821803821187e-01
1.049403791432299698e-01
1.048890667215939265e-01
1.048388236933178730e-01
1.047896292267813528e-01
1.047414628744443299e-01
1.046943045664544825e-01
1.046481346043196675e-01
1.046029336546458466e-01
1.045586827429426657e-01
1.045153632474976890e-01
1.044729568933205621e-01
1.044314457461581053e-01
1.043908122065812516e-01
1.043510390041449826e-01
1.043121091916218296e-01
1.042740061393095802e-01
1.042367135294142155e-01
1.042002153505080936e-01
1.041644958920642794e-01
1.041295397390668981e-01
1.040953317666983569e-01
1.040618571351033111e-01
1.040291012842297219e-01
1.039970499287463657e-01
1.039656890530383376e-01
1.039350049062786607e-01
1.039049839975773742e-01
1.038756130912068670e-01
1.038468792019039688e-01
1.038187695902480778e-01
1.037912717581149225e-01
1.037643734442061649e-01
1.037380626196535011e-01
1.037123274836974501e-01
1.036871564594402800e-01
1.036625381896719572e-01
1.036384615327691633e-01
1.036149155586662401e-01
1.035918895448978694e-01
1.035693729727120427e-01
1.035473555232535037e-01
1.035258270738163011e-01
1.035047776941645098e-01
1.034841976429211052e-01
1.034640773640232436e-01
1.034444074832436833e-01
1.034251788047773069e-01
1.034063823078916200e-01
1.033880091436410464e-01
1.033700506316429929e-01
1.033524982569159478e-01
1.033353436667777958e-01
1.033185786678037094e-01
1.033021952228428547e-01
1.032861854480928709e-01
1.032705416102308038e-01
1.032552561235999117e-01
1.032403215474516911e-01
1.032257305832411376e-01
1.032114760719753943e-01
1.031975509916141648e-01
1.031839484545211960e-01
1.031706617049656938e-01
1.031576841166731429e-01
1.031450091904238808e-01
1.031326305516993003e-01
1.031205419483740282e-01
1.031087372484539438e-01
1.030972104378580501e-01
1.030859556182446707e-01
1.030749670048796834e-01
1.030642389245470664e-01
1.030537658135001616e-01
1.030435422154530184e-01
1.030335627796111070e-01
1.030238222587402525e-01
1.030143155072736488e-01
1.030050374794547474e-01
1.029959832275172960e-01
1.029871478998995310e-01
1.029785267394935505e-01
1.029701150819278127e-01
1.029619083538830943e-01
1.029539020714402842e-01
1.029460918384596246e-01
1.029384733449913158e-01
1.029310423657154028e-01
1.029237947584117213e-01
1.029167264624583494e-01
1.029098334973583412e-01
1.029031119612937306e-01
1.028965580297065835e-01
1.028901679539063196e-01
1.028839380597028202e-01
1.028778647460641543e-01
1.028719444837997571e-01
1.028661738142665205e-01
1.028605493480993643e-01
1.028550677639639144e-01
1.028497258073324122e-01
1.028445202892807470e-01
1.028394480853074555e-01
1.028345061341737199e-01
1.028296914367635706e-01
1.028250010549644905e-01
1.028204321105672947e-01
1.028159817841857587e-01
1.028116473141943710e-01
1.028074259956850700e-01
1.028033151794418010e-01
1.027993122709324192e-01
1.027954147293184545e-01
1.027916200664809876e-01
1.027879258460640266e-01
1.027843296825331071e-01
1.027808292402506846e-01
1.027774222325662928e-01
1.027741064209225924e-01
1.027708796139760877e-01
1.027677396667323467e-01
1.027646844796959169e-01
1.027617119980341748e-01
1.027588202107550391e-01
1.027560071498980349e-01
1.027532708897391789e-01
1.027506095460083285e-01
1.027480212751197275e-01
1.027455042734150420e-01
1.027430567764188590e-01
1.027406770581059670e-01
1.027383634301811677e-01
1.027361142413701911e-01
1.027339278767226000e-01
1.027318027569257275e-01
1.027297373376298284e-01
1.027277301087842765e-01
1.027257795939843787e-01
1.027238843498288340e-01
1.027220429652876826e-01
1.027202540610803738e-01
1.027185162890639492e-01
1.027168283316313296e-01
1.027151889011190256e-01
1.027135967392248384e-01
1.027120506164347774e-01
1.027105493314595386e-01
1.027090917106798507e-01
1.027076766076012310e-01
1.027063029023173729e-01
1.027049695009825958e-01
1.027036753352926213e-01
1.027024193619742592e-01
1.027012005622831847e-01
1.027000179415102493e-01
1.026988705284959391e-01
1.026977573751525763e-01
1.026966775559950001e-01
1.026956301676786726e-01
1.026946143285457774e-01
1.026936291781786886e-01
1.026926738769612241e-01
1.026917476056471157e-01
1.026908495649359321e-01
1.026899789750561620e-01
1.026891350753553617e-01
1.026883171238975601e-01
1.026875243970672286e-01
1.026867561891803698e-01
1.026860118121023374e-01
1.026852905948721362e-01
1.026845918833334953e-01
1.026839150397721306e-01
1.026832594425598350e-01
1.026826244858045495e-01
1.026820095790065279e-01
1.026814141467211894e-01
1.026808376282273283e-01
1.026802794772019162e-01
1.026797391614003990e-01
1.026792161623428790e-01
1.026787099750062354e-01
1.026782201075215895e-01
1.026777460808775688e-01
1.026772874286289855e-01
1.026768436966109810e-01
1.026764144426584036e-01
1.026759992363307644e-01
1.026755976586418567e-01
1.026752093017950368e-01
1.026748337689233626e-01
1.026744706738345059e-01
1.026741196407609941e-01
1.026737803041149061e-01
1.026734523082475925e-01
1.026731353072138642e-01
1.026728289645411768e-01
1.026725329530029374e-01
1.026722469543966398e-01
1.026719706593263448e-01
1.026717037669893640e-01
1.026714459849675382e-01
1.026711970290224707e-01
1.026709566228952014e-01
1.026707244981095168e-01
1.026705003937800204e-01
1.026702840564234498e-01
1.026700752397744221e-01
1.026698737046047721e-01
1.026696792185468610e-01
1.026694915559202559e-01
1.026693104975627130e-01
1.026691358306640739e-01
1.026689673486042981e-01
1.026688048507945761e-01
1.026686481425220371e-01
1.026684970347979259e-01
1.026683513442090967e-01
1.026682108927723797e-01
1.026680755077928886e-01
1.026679450217246881e-01
1.026678192720352212e-01
1.026676981010723605e-01
1.026675813559346506e-01
1.026674688883444236e-01
1.026673605545239676e-01
1.026672562150739987e-01
1.026671557348557834e-01
1.026670589828752589e-01
1.026669658321700818e-01
1.026668761596994661e-01
1.026667898462362699e-01
1.026667067762622176e-01
1.026666268378646912e-01
1.026665499226369210e-01
1.026664759255800502e-01
1.026664047450074335e-01
1.026663362824517811e-01
1.026662704425739814e-01
1.026662071330746023e-01
1.026661462646072109e-01
1.026660877506940517e-01
1.026660315076437513e-01
1.026659774544710080e-01
1.026659255128183623e-01
1.026658756068799805e-01
1.026658276633270056e-01
1.026657816112355598e-01
1.026657373820155927e-01
1.026656949093424087e-01
1.026656541290893732e-01
1.026656149792626871e-01
1.026655773999378685e-01
1.026655413331974548e-01
1.026655067230709123e-01
1.026654735154757803e-01
1.026654416581603974e-01
1.026654111006482656e-01
1.026653817941838714e-01
1.026653536916797282e-01
1.026653267476652504e-01
1.026653009182368070e-01
1.026652761610087894e-01
1.026652524350667173e-01
1.026652297009209985e-01
1.026652079204625201e-01
1.026651870569186414e-01
1.026651670748115752e-01
1.026651479399166567e-01
1.026651296192229168e-01
1.026651120808939471e-01
1.026650952942302492e-01
1.026650792296325970e-01
1.026650638585665520e-01
1.026650491535275322e-01
1.026650350880076862e-01
1.026650216364628360e-01
1.026650087742810857e-01
1.026649964777519297e-01
1.026649847240364011e-01
1.026649734911382200e-01
1.026649627578754831e-01
1.026649525038535044e-01
1.026649427094383782e-01
1.026649333557311250e-01
1.026649244245429193e-01
1.026649158983709703e-01
1.026649077603748600e-01
1.026648999943540336e-01
1.026648925847257754e-01
1.026648855165038371e-01
1.026648787752776348e-01
1.026648723471923069e-01
1.026648662189292571e-01
1.026648603776874336e-01
1.026648548111649545e-01
1.026648495075414974e-01
1.026648444554612849e-01
1.026648396440163757e-01
1.026648350627308304e-01
1.026648307015450151e-01
1.026648265508006697e-01
1.026648226012264464e-01
1.026648188439236720e-01
1.026648152703529826e-01
1.026648118723209463e-01
1.026648086419674477e-01
1.026648055717533231e-01
1.026648026544487446e-01
1.026647998831211051e-01
1.026647972511245815e-01
1.026647947520889226e-01
1.026647923799093032e-01
1.026647901287362497e-01
1.026647879929657725e-01
1.026647859672303320e-01
1.026647840463894984e-01
1.026647822255213199e-01
1.026647804999140656e-01
1.026647788650578014e-01
1.026647773166367295e-01
1.026647758505215557e-01
1.026647744627621484e-01
1.026647731495805571e-01
1.026647719073641857e-01
1.026647707326591857e-01
1.026647696221641842e-01
1.026647685727240522e-01
1.026647675813242844e-01
1.026647666450850455e-01
1.026647657612559522e-01
1.026647649272106472e-01
1.026647641404416916e-01
1.026647633985559444e-01
1.026647626992696072e-01
1.026647620404036593e-01
1.026647614198798047e-01
1.026647608357159208e-01
1.026647602860223663e-01
1.026647597689976932e-01
1.026647592829252609e-01
1.026647588261695582e-01
1.026647583971725397e-01
1.026647579944505728e-01
1.026647576165910930e-01
1.026647572622494675e-01
1.026647569301462476e-01
1.026647566190642402e-01
1.026647563278456216e-01
1.026647560553894944e-01
1.026647558006494459e-01
1.026647555626308411e-01
1.026647553403887692e-01
1.026647551330257813e-01
1.026647549396896147e-01
1.026647547595711946e-01
1.026647545919028293e-01
1.026647544359560876e-01
1.026647542910401473e-01
1.026647541564999905e-01
1.026647540317147944e-01
1.026647539160962935e-01
1.026647538090872946e-01
1.026647537101601226e-01
1.026647536188153714e-01
1.026647535345803913e-01
1.026647534570082204e-01
1.026647533856760580e-01
1.026647533201844181e-01
1.026647532601557555e-01
1.026647532052335360e-01
1.026647531550810566e-01
1.026647531093806825e-01
1.026647530678327369e-01
1.026647530301545569e-01
1.026647529960798833e-01
1.026647529653577362e-01
1.026647529377518325e-01
1.026647529130398501e-01
1.026647528910125395e-01
1.026647528714732110e-01
1.026647528542369986e-01
1.026647528391302633e-01
1.026647528259899689e-01
1.026647528146632654e-01
1.026647528050067121e-01
1.026647527968859719e-01
1.026647527901751733e-01
1.026647527847566049e-01
1.026647527805200910e-01
1.026647527773627139e-01
1.026647527751883282e-01
1.026647527739073112e-01
1.026647527734359661e-01
1.026647527736964660e-01
1.026647527746161886e-01
1.026647527761277989e-01
1.026647527781685831e-01
1.026647527806803795e-01
1.026647527836093976e-01
1.026647527869056359e-01
1.026647527905228952e-01
1.026647527944185845e-01
1.026647527985533881e-01
1.026647528028909878e-01
1.026647528073980908e-01
1.026647528120441105e-01
1.026647528168009305e-01
1.026647528216429600e-01
1.026647528265466625e-01
1.026647528314907770e-01
1.026647528364558748e-01
1.026647528414244143e-01
1.026647528463804776e-01
1.026647528513097291e-01
1.026647528561993594e-01
1.026647528610379057e-01
1.026647528658151814e-01
1.026647528705221246e-01
1.026647528751507693e-01
1.026647528796942460e-01
1.026647528841465040e-01
1.026647528885024502e-01
1.026647528927576991e-01
1.026647528969087120e-01
1.026647529009524495e-01
1.026647529048866497e-01
1.026647529087094945e-01
1.026647529124197905e-01
1.026647529160166633e-01
1.026647529194998770e-01
1.026647529228693068e-01
1.026647529261254521e-01
1.026647529292689792e-01
1.026647529323008040e-01
1.026647529352222032e-01
1.026647529380345508e-01
1.026647529407396092e-01
1.026647529433390993e-01
1.026647529458350888e-01
1.026647529482295346e-01
1.026647529505248096e-01
1.026647529527231623e-01
1.026647529548269100e-01
1.026647529568386064e-01
1.026647529587607632e-01
1.026647529605958509e-01
1.026647529623464783e-01
1.026647529640152268e-01
1.026647529656047192e-01
1.026647529671174536e-01
1.026647529685561638e-01
1.026647529699232647e-01
1.026647529712214207e-01
1.026647529724530744e-01
1.026647529736207098e-01
1.026647529747268389e-01
1.026647529757737654e-01
1.026647529767639316e-01
1.026647529776995721e-01
1.026647529785830459e-01
1.026647529794164904e-01
1.026647529802020287e-01
1.026647529809418535e-01
1.026647529816379079e-01
1.026647529822922733e-01
1.026647529829067540e-01
1.026647529834833206e-01
1.026647529840237355e-01
1.026647529845297752e-01
1.026647529850030771e-01
1.026647529854452789e-01
1.026647529858580321e-01
1.026647529862427244e-01
1.026647529866009240e-01
1.026647529869339770e-01
1.026647529872432435e-01
1.026647529875300557e-01
1.026647529877956211e-01
1.026647529880411330e-01
1.026647529882677157e-01
1.026647529884764654e-01
1.026647529886684784e-01
1.026647529888446847e-01
1.026647529890060834e-01
1.026647529891535904e-01
1.026647529892879968e-01
1.026647529894102184e-01
1.026647529895210048e-01
1.026647529896210775e-01
1.026647529897111583e-01
1.026647529897919270e-01
1.026647529898640637e-01
1.026647529899280820e-01
1.026647529899846201e-01
1.026647529900342332e-01
1.026647529900773514e-01
1.026647529901145856e-01
1.026647529901462685e-01
1.026647529901729000e-01
1.026647529901948686e-01
1.026647529902125627e-01
1.026647529902263573e-01
1.026647529902365436e-01
1.026647529902434547e-01
1.026647529902474237e-01
1.026647529902487144e-01
1.026647529902475348e-01
1.026647529902441763e-01
1.026647529902388473e-01
1.026647529902317835e-01
1.026647529902231654e-01
1.026647529902131595e-01
1.026647529902019879e-01
1.026647529901897477e-01
1.026647529901766193e-01
1.026647529901627276e-01
1.026647529901481837e-01
1.026647529901331124e-01
1.026647529901176387e-01
1.026647529901018180e-01
1.026647529900857614e-01
1.026647529900695383e-01
1.026647529900532596e-01
1.026647529900369255e-01
1.026647529900206607e-01
1.026647529900044514e-01
1.026647529899884226e-01
1.026647529899725741e-01
1.026647529899569200e-01
1.026647529899415295e-01
1.026647529899264305e-01
1.026647529899116923e-01
1.026647529898972316e-01
1.026647529898831179e-01
1.026647529898693789e-01
1.026647529898560562e-01
1.026647529898430528e-01
1.026647529898305211e-01
1.026647529898183919e-01
1.026647529898066236e-01
1.026647529897952854e-01
1.026647529897843358e-01
1.026647529897738442e-01
1.026647529897637551e-01
1.026647529897540267e-01
1.026647529897447148e-01
1.026647529897357913e-01
1.026647529897272981e-01
1.026647529897191657e-01
1.026647529897113803e-01
1.026647529897039696e-01
1.026647529896969058e-01
1.026647529896902028e-01
1.026647529896838051e-01
1.026647529896777683e-01
1.026647529896720507e-01
1.026647529896666383e-01
1.026647529896615035e-01
1.026647529896566602e-01
1.026647529896521083e-01
1.026647529896477784e-01
1.026647529896437400e-01
1.026647529896399513e-01
1.026647529896363570e-01
1.026647529896330124e-01
1.026647529896298761e-01
1.026647529896269617e-01
1.026647529896242139e-01
1.026647529896216882e-01
1.026647529896193567e-01
1.026647529896171224e-01
1.026647529896151240e-01
1.026647529896132366e-01
1.026647529896114741e-01
1.026647529896098643e-01
1.026647529896083794e-01
1.026647529896070332e-01
1.026647529896058259e-01
1.026647529896046601e-01
1.026647529896036748e-01
1.026647529896027172e-01
1.026647529896018707e-01
1.026647529896011074e-01
1.026647529896004413e-01
1.026647529895998029e-01
1.026647529895993172e-01
1.026647529895988176e-01
1.026647529895984012e-01
1.026647529895980404e-01
1.026647529895977490e-01
1.026647529895974853e-01
1.026647529895972494e-01
1.026647529895970967e-01
1.026647529895969302e-01
1.026647529895968330e-01
1.026647529895967359e-01
1.026647529895967081e-01
1.026647529895966665e-01
1.026647529895966665e-01
