2.548431826000583933e-01
2.515198596150978738e-01
2.482953501853487621e-01
2.451539385889274225e-01
2.420838632602840268e-01
2.390769176796598561e-01
2.361278009580349280e-01
2.332333406785761509e-01
2.303916911384320254e-01
2.276015891515100475e-01
2.249456692905050792e-01
2.224551908820155410e-01
2.199694395146521431e-01
2.174879744173708329e-01
2.150093133018165514e-01
2.125314200859640124e-01
2.100522148626866592e-01
2.075700455972974978e-01
2.050840692166503165e-01
2.025945041058025975e-01
2.001027344779446882e-01
1.976112668760084401e-01
1.951235572960750841e-01
1.926437416036428929e-01
1.901763104175474561e-01
1.877257719074732767e-01
1.852963424409839743e-01
1.828916969236993040e-01
1.805147996208459893e-01
1.781678239775385530e-01
1.758521581298669312e-01
1.735684828409491676e-01
1.713169015685988283e-01
1.690970988783587481e-01
1.669085035378935766e-01
1.647504359250668016e-01
1.626222249813654985e-01
1.605232867169760491e-01
1.584531630556386128e-01
1.564115255917254699e-01
1.543981529225484373e-01
1.524128922915141682e-01
1.504556163669935609e-01
1.485261844120841501e-01
1.466244143873914885e-01
1.448224827334078646e-01
1.432694261974302719e-01
1.417389772165859041e-01
1.402345723972760194e-01
1.387545891655767860e-01
1.372978486010877630e-01
1.358636403218989042e-01
1.344516711352261029e-01
1.330619556266707804e-01
1.316946739117088871e-01
1.303500237067815870e-01
1.290280910919578139e-01
1.277287579631193604e-01
1.264516557605395441e-01
1.253051504817034312e-01
1.249717099866497066e-01
1.247929037883987735e-01
1.246224551609717845e-01
1.244588923014381260e-01
1.243965595579309968e-01
1.244347263920055069e-01
1.245764747075459450e-01
1.247839999832847935e-01
1.249518765313852864e-01
1.250840371740910006e-01
1.251837765189963425e-01
1.252537125069857205e-01
1.252958012421821754e-01
1.253113943701957278e-01
1.254576649305045588e-01
1.257316918373892478e-01
1.260718847246069529e-01
1.265345405586320859e-01
1.270529512038731101e-01
1.274972144024744125e-01
1.278645059511112347e-01
1.281538466888730576e-01
1.279047162064832210e-01
1.274717904848413352e-01
1.271958144891469911e-01
1.270330444060580322e-01
1.268018664477422730e-01
1.264837371561048918e-01
1.260924467976669849e-01
1.256592183606282942e-01
1.253460145814964677e-01
1.249933914864890389e-01
1.247439951929315005e-01
1.244277203712644136e-01
1.240369753583499685e-01
1.235793179321467705e-01
1.231466795201239250e-01
1.227651934480103596e-01
1.224417657632866363e-01
1.221121966712807178e-01
1.217052967268670294e-01
1.213379653891777238e-01
1.209522443669649450e-01
1.205747720632930203e-01
1.203356536654181935e-01
1.201096638850709386e-01
1.197725062822585645e-01
1.193291743376130171e-01
1.187906835775727199e-01
1.182196359616252967e-01
1.177461857542520945e-01
1.173040813989146280e-01
1.168690361479837320e-01
1.164439191536811857e-01
1.159807774943328040e-01
1.156159538056953234e-01
1.152126460538854397e-01
1.147851318519248487e-01
1.144192683194925064e-01
1.140236044991222025e-01
1.136044000484262850e-01
1.132429481108268854e-01
1.128523744754432317e-01
1.124365019306822061e-01
1.117933343793744289e-01
1.111439667418527150e-01
1.105197050443297996e-01
1.098276112880524485e-01
1.088593662840184051e-01
1.080097171700159092e-01
1.070817952769841097e-01
1.062577617185008483e-01
1.055183385664341250e-01
1.047014575280473259e-01
1.039048401159925333e-01
1.031700295915125298e-01
1.024797045893535985e-01
1.018279850490677041e-01
1.012029996345536753e-01
1.006107705571923777e-01
1.000239386754955828e-01
9.942749405856327050e-02
9.891747983680905520e-02
9.846856321418728797e-02
9.805421641176209624e-02
9.769678587414286353e-02
9.739969218643718118e-02
9.711082768661717657e-02
9.687840014679918732e-02
9.665975688702724278e-02
9.649263464993930450e-02
9.624733346891173325e-02
9.608502818888081665e-02
9.592358686951964197e-02
9.553598430872463354e-02
9.501421305977110487e-02
9.434260629562708778e-02
9.354364247464018456e-02
9.264841697096425077e-02
9.172167986163466680e-02
9.073838466750203113e-02
8.971689178121841635e-02
8.871759966237080519e-02
8.886540393058013632e-02
8.948768831541831226e-02
9.006503907890951732e-02
9.065923739160836048e-02
9.128112149683759169e-02
9.180335036401829352e-02
9.220717126080850423e-02
9.249344784530873220e-02
9.268216054250423552e-02
9.289013099473941715e-02
9.310642132157888329e-02
9.324035588851943557e-02
9.330217336721192967e-02
9.333078411429936161e-02
9.339690676799224101e-02
9.349830441201800735e-02
9.361716792178652324e-02
9.372285674550288881e-02
9.381888653871851835e-02
9.390850583262483342e-02
9.401046409027093154e-02
9.413056724945889631e-02
9.425581699101832911e-02
9.437398823195328190e-02
9.446908847859131209e-02
9.454302802425033903e-02
9.462059757704528729e-02
9.470290765885834572e-02
9.481510144222614345e-02
9.493006423993546883e-02
9.502754164093628331e-02
9.510482284076031412e-02
9.516520272692478855e-02
9.527278386057463910e-02
9.536926799350808892e-02
9.550445034756881169e-02
9.561622967605196144e-02
9.569111047006054194e-02
9.575202492742300453e-02
9.584840100807227870e-02
9.599616767216086199e-02
9.611388727978446844e-02
9.618549892090488829e-02
9.621478092384631864e-02
9.621730460663113771e-02
9.628276353462546233e-02
9.635300722443121413e-02
9.632222857567900032e-02
9.628292515886313629e-02
9.624158933401361082e-02
9.620197378834395574e-02
9.620855368234490501e-02
9.623373429011503055e-02
9.629251547790257382e-02
9.624348236789473376e-02
9.624182026470470830e-02
9.624374594308450492e-02
9.623543158164434008e-02
9.620392896087980039e-02
9.613937449196632845e-02
9.603637277365907610e-02
9.589441599498331470e-02
9.574573685426093772e-02
9.565165210684177521e-02
9.555256350758184469e-02
9.544917212706208187e-02
9.537298921719300493e-02
9.528696509710329887e-02
9.519238920141838423e-02
9.509032601054263900e-02
9.500113969556304994e-02
9.491830161358721929e-02
9.484862110390113177e-02
9.478526680181843800e-02
9.471239928893596116e-02
9.463072546453524247e-02
9.454454594325888139e-02
9.447954297525130996e-02
9.440924916731426031e-02
9.436207767889279174e-02
9.430411364508699268e-02
9.423489680650060096e-02
9.415549848943675915e-02
9.408910137931481010e-02
9.402349368065063273e-02
9.396451915115372477e-02
9.391020850045700419e-02
9.384294105183123291e-02
9.376398803356524037e-02
9.368184006903464145e-02
9.360787602213378744e-02
9.355882044108589091e-02
9.349531144692714568e-02
9.341820349916017674e-02
9.332883113776516137e-02
9.322838099241181897e-02
9.312678245439721947e-02
9.303725607375440410e-02
9.295313641153298001e-02
9.286512607060447289e-02
9.276459652161485325e-02
9.265287555068901781e-02
9.254795947609023576e-02
9.244148795455904566e-02
9.234010300186774878e-02
9.223982658198344453e-02
9.212831918614081128e-02
9.200691294008067622e-02
9.188275514105968822e-02
9.176600643243897071e-02
9.166883374092764381e-02
9.156178051575870891e-02
9.144503525726807580e-02
9.131984293091936766e-02
9.118731340356378556e-02
9.106145060333721564e-02
9.094272110532192199e-02
9.082342775087548503e-02
9.070955098166469388e-02
9.058753913284992021e-02
9.046172323983582564e-02
9.034581249358135391e-02
9.022521156857760127e-02
9.010270694364777566e-02
8.998593697128899616e-02
8.986645660745962161e-02
8.974311618810684732e-02
8.962916418897712290e-02
8.951061813414204482e-02
8.938581057064966251e-02
8.926808192486693216e-02
8.914799649312715735e-02
8.903675962154182499e-02
8.892603644384376727e-02
8.880889299631203326e-02
8.868629137713462951e-02
8.855903788957940337e-02
8.844103551352440473e-02
8.832279083214042426e-02
8.821504047145226068e-02
8.811456377407203555e-02
8.801080613610805237e-02
8.790448571989067927e-02
8.779618636460286007e-02
8.768637063115945762e-02
8.757539097419027307e-02
8.746349987540698312e-02
8.735085972535094889e-02
8.723755309011300973e-02
8.712359378168743618e-02
8.700893890228722505e-02
8.689350178866001029e-02
8.677716557073088255e-02
8.665979690027111881e-02
8.654125931132339300e-02
8.642142564760199597e-02
8.630018902814545756e-02
8.617747191026507714e-02
8.605323293355576775e-02
8.592747137393517975e-02
8.580022918613924854e-02
8.567159075252579747e-02
8.554168057419826721e-02
8.541065922985985326e-02
8.527871798481953536e-02
8.514607245715508088e-02
8.501295574313016967e-02
8.487961137466366879e-02
8.474739138586169507e-02
8.465282573433470514e-02
8.456250013318133973e-02
8.447013475647140168e-02
8.437154383094476462e-02
8.426429903944801514e-02
8.414729742606895380e-02
8.402075207132167489e-02
8.388543223969294194e-02
8.374254911557379999e-02
8.359363093088974239e-02
8.344039835018618456e-02
8.328464899946502742e-02
8.312815758184029236e-02
8.297259545106124012e-02
8.289625397841744736e-02
8.274075454849316724e-02
8.266001071582862458e-02
8.257841136031433826e-02
8.249648928387472158e-02
8.241546045660065600e-02
8.233567835142910352e-02
8.225756589599672597e-02
8.218138394285888493e-02
8.210725426516826686e-02
8.203517845412849896e-02
8.196505318615643354e-02
8.189674864371550289e-02
8.182979984790238193e-02
8.176405937079717079e-02
8.169933002796146704e-02
8.163539229073943360e-02
8.157195183778032099e-02
8.150865430871062633e-02
8.144510180718182724e-02
8.138087104972950570e-02
8.131553267583895017e-02
8.124867094053607464e-02
8.117990283168563526e-02
8.110889560001249832e-02
8.103538175440935798e-02
8.095875148729600457e-02
8.087717474121970673e-02
8.079272134004544803e-02
8.070622470075589083e-02
8.061809397505000085e-02
8.059439486218934745e-02
8.050838113833715115e-02
8.048043097443478844e-02
8.044518409747010435e-02
8.040303059269998665e-02
8.035442551457765148e-02
8.029987163716310883e-02
8.023904347615717914e-02
8.017103130024083590e-02
8.009848403719276033e-02
8.002307444107854828e-02
7.994552532093218700e-02
7.986646758468177176e-02
7.978644041604007753e-02
7.970589349978858540e-02
7.962519097956237413e-02
7.954461688232036809e-02
7.946438177696214800e-02
7.938463045015967112e-02
7.930545038265286728e-02
7.922688079852510668e-02
7.914683832051930268e-02
7.906605569089211749e-02
7.898437105391242774e-02
7.890409349263673155e-02
7.882537022020152939e-02
7.878777375354381607e-02
7.873423110686210424e-02
7.871500060758851447e-02
7.869052735745205029e-02
7.866083405114535076e-02
7.862601746833294825e-02
7.858624009613562889e-02
7.854172223896040139e-02
7.849273445940871397e-02
7.843959022133360770e-02
7.838263864285074933e-02
7.831907365451463987e-02
7.825181665100117145e-02
7.817965219256868548e-02
7.810644548761146166e-02
7.803279931555238969e-02
7.795923510918240096e-02
7.788619258821545543e-02
7.781403132952954826e-02
7.774303400758955651e-02
7.767341104474648206e-02
7.760530641878765623e-02
7.753880438259384833e-02
7.747393685737390123e-02
7.741069126694521962e-02
7.734901858682655118e-02
7.731292446895485226e-02
7.727679278698403043e-02
7.724737001492790189e-02
7.723758543959573231e-02
7.721060523717700186e-02
7.717991516081829095e-02
7.714571056728394827e-02
7.710822969610782451e-02
7.706744231180800986e-02
7.701573294716924922e-02
7.696245209565348577e-02
7.690845188788766884e-02
7.685420943220723500e-02
7.680012612225964319e-02
7.674652799401097958e-02
7.669366818367795435e-02
7.664173115356762156e-02
7.659083836312871596e-02
7.653984220096415880e-02
7.648845613982033220e-02
7.643743297937721781e-02
7.638803364619586866e-02
7.634025051032386489e-02
7.629402915907684823e-02
7.624927758124513955e-02
7.620587536293477182e-02
7.616368264046627368e-02
7.612254857542030684e-02
7.608231914232641002e-02
7.604284405087073651e-02
7.613301983572792753e-02
7.599058476017708785e-02
7.596299360984018478e-02
7.595292030270017758e-02
7.592884469997157604e-02
7.590277675091011700e-02
7.587483803822785144e-02
7.584518632612809175e-02
7.581400453060756217e-02
7.578149116095604654e-02
7.574785218811354304e-02
7.571329427254519517e-02
7.567801926608966334e-02
7.563519495120045455e-02
7.560173822075513805e-02
7.556161458154063426e-02
7.560535890967885753e-02
7.552444460709771545e-02
7.543719330042210347e-02
7.539607468634687559e-02
7.535690470171532707e-02
7.531973900130471689e-02
7.528456838317704181e-02
7.525132675832350848e-02
7.521774279193822743e-02
7.518540315416623321e-02
7.515296021710317353e-02
7.512246761111246451e-02
7.509377812298573263e-02
7.506671038952354713e-02
7.504105848768573284e-02
7.501660133693702215e-02
7.499311165265282186e-02
7.497036421591428412e-02
7.495235493862438536e-02
7.491895018707432630e-02
7.542726813960352883e-02
7.581569477063332396e-02
7.597459695412438208e-02
7.591153195034051893e-02
7.565654311695504952e-02
7.525503801261598791e-02
7.475930560169274930e-02
7.434836706273022233e-02
7.427253575288324250e-02
7.421864218041257510e-02
7.418087966860875682e-02
7.416113581885051820e-02
7.415763579734910294e-02
7.416831802621005887e-02
7.419088604805251785e-02
7.422286519074827726e-02
7.426166718355761698e-02
7.430466343396963103e-02
7.434926527242610717e-02
7.437824166726970943e-02
7.442888508161017713e-02
7.446017106970424793e-02
7.448534342990026369e-02
7.450323479695791784e-02
7.451305625941007094e-02
7.451440258403523031e-02
7.450723931233105279e-02
7.448615960347276799e-02
7.446365609124527829e-02
7.442935975414854965e-02
7.439012244307700861e-02
7.434716670123892035e-02
7.430174190553041902e-02
7.425507204429014629e-02
7.420831076156531037e-02
7.416250468598366286e-02
7.411856543150972809e-02
7.407725014072341629e-02
7.401934510263534495e-02
7.400993595013047321e-02
7.399734599804315416e-02
7.392018692713718531e-02
7.388788672528436019e-02
7.393954752384807039e-02
7.442648214024565057e-02
7.490889386621747692e-02
7.516261742238602994e-02
7.518625541528178857e-02
7.500182654066513133e-02
7.464925132353134041e-02
7.417871072196638438e-02
7.364270765507793803e-02
7.308937631755249575e-02
7.298003845694493730e-02
7.294516557257495204e-02
7.293837111089548908e-02
7.295659685578707865e-02
7.299641583498067687e-02
7.303740995982084538e-02
7.311198821233147460e-02
7.319274742077190588e-02
7.327123313118720505e-02
7.335238596755128127e-02
7.343243638159031861e-02
7.350791287074753821e-02
7.357576430128730249e-02
7.363346453733216057e-02
7.367909068726670452e-02
7.371136894944477214e-02
7.372968529016488137e-02
7.373406151986255930e-02
7.372510031341796000e-02
7.370390502720938763e-02
7.367198161869170647e-02
7.363113053291632515e-02
7.357436167290187790e-02
7.352526252400357065e-02
7.346507489577237815e-02
7.351449140469425159e-02
7.341875374230838469e-02
7.327199735277302450e-02
7.321829188399880950e-02
7.316399846138005314e-02
7.311790175403617975e-02
7.308038525158398746e-02
7.305148329337447788e-02
7.303091581476583993e-02
7.316624794133554099e-02
7.318920167070772087e-02
7.309777337195312585e-02
7.299010491131618927e-02
7.298074916137123336e-02
7.298715006857080245e-02
7.298995141933212194e-02
7.299608323610110028e-02
7.300440609258651570e-02
7.312268990506477773e-02
7.315063800582541353e-02
7.305581593500587445e-02
7.300269796148019241e-02
7.300769278552324271e-02
7.299834629838719557e-02
7.298812786258893071e-02
7.297682784339568074e-02
7.296429214954325282e-02
7.295042332836144949e-02
7.296516464229219068e-02
7.297181674155575615e-02
7.288050693060801888e-02
7.286555843118823483e-02
7.283779309651011724e-02
7.283233911304817787e-02
7.278269912117651952e-02
7.275604575279237540e-02
7.276621020657199346e-02
7.270515374123566466e-02
7.267700456007188115e-02
7.268738470297035625e-02
7.262698142665956202e-02
7.260277513860578791e-02
7.261658178786599416e-02
7.255996157360050658e-02
7.254787533194274884e-02
7.335964789917166773e-02
7.396727900598172589e-02
7.430937827282038666e-02
7.435868786895044602e-02
7.418788923436829552e-02
7.379355978024501606e-02
7.325074999053625413e-02
7.262695996851058211e-02
7.198264697896503139e-02
7.136757354652238650e-02
7.090811653437723017e-02
7.086565828557232771e-02
7.087219610934866743e-02
7.092225623049207284e-02
7.100984688355982399e-02
7.112844827547086524e-02
7.127103969382209137e-02
7.143019578215616117e-02
7.159826415240640174e-02
7.200174206426449008e-02
7.227678806553282376e-02
7.238328636741811484e-02
7.232000289104047186e-02
7.222896062845460263e-02
7.228647758678220792e-02
7.231827304464967521e-02
7.232994597992455088e-02
7.232292643981362568e-02
7.229902720459410737e-02
7.226064469346865637e-02
7.221057809306577480e-02
7.215184842220431771e-02
7.208752912788683742e-02
7.202059693693708964e-02
7.195380853680236055e-02
7.187811027791174423e-02
7.180864264327524449e-02
7.177644491201404242e-02
7.238437169582093156e-02
7.282225054399210640e-02
7.308077983672833788e-02
7.315926726604546348e-02
7.307401637183887078e-02
7.285454839724035681e-02
7.253843273927010338e-02
7.216586878710784525e-02
7.177498237077351018e-02
7.126856667888736840e-02
7.164022743478956623e-02
7.267722992676325933e-02
7.348101881971499938e-02
7.411004058939482664e-02
7.452889756563156609e-02
7.472510790944399128e-02
7.470149771615018641e-02
7.450792661582214538e-02
7.416975759422791969e-02
7.374364558069709807e-02
7.321506944397722372e-02
7.334759778962675336e-02
7.398039534212486057e-02
7.445006115901464661e-02
7.478561364843791526e-02
7.498214490224178186e-02
7.504650202089453714e-02
7.499559881829158392e-02
7.485360079215115647e-02
7.464857982085343346e-02
7.440868233713908431e-02
7.466454495118042545e-02
7.485361585186002531e-02
7.495610702718162599e-02
7.548025151961230972e-02
7.590870139895590507e-02
7.622591492084353215e-02
7.636453738114100387e-02
7.637166575497920940e-02
7.622906073284599349e-02
7.654697624816664270e-02
7.716944144900030056e-02
7.759390904682852974e-02
7.782502092338301758e-02
7.787542487131723923e-02
7.777594714066976556e-02
7.857322212698157615e-02
7.912344063491899560e-02
7.940698728768874615e-02
7.939293643379181920e-02
7.965711257495058928e-02
8.017938144117352228e-02
8.036543283689891182e-02
8.029769583247958753e-02
8.002962706437218021e-02
7.962564353220612234e-02
7.910547403508763620e-02
7.908801895768038936e-02
7.945326497286754608e-02
7.970988936759079713e-02
7.988666581213760276e-02
7.998358385758377875e-02
8.003676390515265804e-02
8.003712436051674262e-02
8.002389549030146376e-02
8.001561601033287119e-02
7.994717682408958304e-02
8.025392593240017469e-02
8.049841094832921318e-02
8.069527999683073771e-02
8.090405627412888823e-02
8.111559008498356316e-02
8.132064104233803492e-02
8.151038103726088169e-02
8.167689125087050639e-02
8.181361008335355511e-02
8.191568894013584456e-02
8.196290771482686588e-02
8.199449013724330326e-02
8.198369700766171275e-02
8.193178697230300844e-02
8.185129974142360543e-02
8.174768871029970685e-02
8.162693396347722730e-02
8.149515203736529267e-02
8.135824623370441211e-02
8.122161607224459567e-02
8.108993561775215686e-02
8.094174225868776273e-02
8.097057374374494465e-02
8.097286158516371624e-02
8.097318283129890937e-02
8.097073952453379131e-02
8.096470042236093845e-02
8.095427459378393142e-02
8.092171314603957555e-02
8.090465694598021618e-02
8.087980952856695105e-02
8.084082379477484925e-02
8.079731524339414661e-02
8.085801548765951530e-02
8.090145134677960426e-02
8.092642857923972033e-02
8.093254971616278826e-02
8.092024193515963415e-02
8.089068504405166893e-02
8.084569632538805839e-02
8.078758445722049319e-02
8.071898590502984971e-02
8.064269694210686457e-02
8.056151303602072933e-02
8.047808509578496805e-02
8.039479940991674234e-02
8.030548785188154626e-02
8.021019621944826261e-02
8.026162595088619234e-02
8.028378668876230695e-02
8.029757842451321070e-02
8.030036553787295306e-02
8.029224866099043956e-02
8.027301394333241635e-02
8.024468415306404423e-02
8.020789021933222296e-02
8.016350999390224608e-02
8.011261039696994379e-02
7.999389157676441153e-02
7.932826579401287825e-02
7.865527340601756456e-02
7.797853859489033146e-02
7.730025639337743948e-02
7.662255973177574397e-02
7.593738131727510721e-02
7.527192451868688905e-02
7.460470838921286207e-02
7.394860337522518590e-02
7.330645696382899479e-02
7.268130141881255779e-02
7.207627300007637960e-02
7.149451120731403764e-02
7.093080430522785695e-02
7.040668898384076779e-02
6.990656480341683743e-02
6.944058793273945318e-02
6.901021047919594920e-02
6.861636454956424047e-02
6.846826090258502362e-02
6.847900415712621092e-02
6.851343825167849344e-02
6.855514127198057694e-02
6.862407563561687129e-02
6.868802614151342523e-02
6.875170102094130264e-02
6.880938425714099027e-02
6.885618709822143024e-02
6.888827650337971120e-02
6.888729209558135114e-02
6.889181544865004281e-02
6.886540252734492384e-02
6.884151908530504460e-02
6.865875484478071999e-02
6.845385929472470876e-02
6.824812561160352453e-02
6.807037238428045867e-02
6.790056348046086265e-02
6.775123067050826953e-02
6.762364911689452973e-02
6.772910825409308999e-02
6.785050537456914499e-02
6.795903158493200868e-02
6.805502019780645950e-02
6.813761366982218348e-02
6.820627411610720447e-02
6.826077181466204402e-02
6.829042269518742492e-02
6.832053271554196228e-02
6.832324101564295205e-02
6.831359662690494883e-02
6.829347156593876256e-02
6.826384845681783553e-02
6.822583479569090115e-02
6.818062850078726589e-02
6.812948405793489703e-02
6.807368023374599231e-02
6.801449018557347015e-02
6.795315463559253866e-02
6.789085860443347387e-02
6.781104482172879699e-02
6.774487533807053985e-02
6.769098040505312774e-02
6.762440661761696947e-02
6.756244880059478208e-02
6.750559789282195577e-02
6.745425041309961733e-02
6.740871004062554128e-02
6.736919116293046961e-02
6.733582405296639761e-02
6.729107942026878175e-02
6.727049212103852760e-02
6.725441685203742415e-02
6.726138010331696171e-02
6.730144090064078821e-02
6.734849467557994795e-02
6.740099273476528319e-02
6.745749999550389175e-02
6.754776891980573961e-02
6.765205075254399070e-02
6.775100880062451258e-02
6.784452925486685049e-02
6.792681105969688993e-02
6.800438122873962710e-02
6.807382114211860125e-02
6.813980329224336718e-02
6.819834786767199619e-02
6.825309012498669003e-02
6.830401290021215210e-02
6.835108675672568745e-02
6.839427107326029320e-02
6.843064115519095769e-02
6.846275875150634183e-02
6.848855877565319938e-02
6.851082478726716607e-02
6.852948757699589555e-02
6.853441249432687399e-02
6.855006831285595514e-02
6.855262024096708817e-02
6.855220782867223195e-02
6.854893258426214553e-02
6.853827307979273864e-02
6.852880838171898636e-02
6.851301919837095300e-02
6.849585311889631878e-02
6.847762251511380072e-02
6.845867853726535224e-02
6.843502129368020381e-02
6.841455396545713386e-02
6.839072381415771396e-02
6.836825439112678704e-02
6.834748393179473913e-02
6.832509014783956502e-02
6.830666611998247040e-02
6.828773197270403272e-02
6.827211446765141245e-02
6.825996322444406739e-02
6.825139270891932008e-02
6.823938010605364035e-02
6.823958900486898349e-02
6.823694174204400498e-02
6.823845667871550336e-02
6.824402457777842268e-02
6.824499235269877728e-02
6.826107455285242154e-02
6.827276365054250895e-02
6.828833436206341312e-02
6.830753312407604472e-02
6.832925881732310192e-02
6.835011223979789441e-02
6.837349450842045151e-02
6.839992511721658397e-02
6.842908811016197579e-02
6.846067270445083119e-02
6.849437436376622224e-02
6.851429341272806395e-02
6.855310192604677222e-02
6.858922994809439622e-02
6.861904051637737756e-02
6.865051068676790436e-02
6.868331663938839760e-02
6.871715535721499568e-02
6.875174515018374344e-02
6.878682605704911079e-02
6.882216010798175576e-02
6.885753143541419041e-02
6.889274622535246362e-02
6.891464796606000531e-02
6.894502894216231192e-02
6.898069295145525803e-02
6.900482698391965930e-02
6.902904251575059380e-02
6.905319389347665260e-02
6.907716156345562741e-02
6.910085058610498931e-02
6.912418889566976365e-02
6.914712535658223969e-02
6.915831782771383884e-02
6.917984349909013508e-02
6.919877217873454667e-02
6.921136549272662031e-02
6.922439456526149892e-02
6.923781693878158783e-02
6.925160505133082234e-02
6.926574382131732432e-02
6.928022824880020192e-02
6.929506109208979914e-02
6.931025067011743757e-02
6.931964335219480133e-02
6.933360434252316962e-02
6.934405695938464231e-02
6.935251693469003664e-02
6.936222342720187173e-02
6.937311471483330327e-02
6.938513347346576821e-02
6.939822558295397070e-02
6.941233903976030961e-02
6.942742299478185664e-02
6.944342692886813773e-02
6.944822000332825929e-02
6.946345759896078997e-02
6.948283378106320796e-02
6.949396581164224429e-02
6.950656176599209757e-02
6.952049856252424942e-02
6.953565907162624626e-02
6.955193171999003721e-02
6.956921010435158925e-02
6.958739262622824773e-02
6.960218075124721682e-02
6.962153221115295609e-02
6.963775480461051326e-02
6.965089499230443792e-02
6.966842771153680669e-02
6.968309840331927962e-02
6.969880039935427707e-02
6.971540545073691419e-02
6.973279532980224127e-02
6.975086130573197873e-02
6.976652747644390695e-02
6.978423725958342316e-02
6.979980518516708254e-02
6.981609452206881394e-02
6.983184492950086919e-02
6.984610749862998902e-02
6.986008218614539467e-02
6.987481545180067311e-02
6.989020719614971733e-02
6.990616781525561818e-02
6.992261730463500413e-02
6.993188763040200651e-02
6.995075780608457638e-02
6.996199848554349177e-02
6.997255630444118579e-02
6.998404940806093877e-02
6.999637818452167370e-02
7.000945365179274404e-02
7.002319640724681549e-02









