3.619711053535912271e-01
3.576791201437419798e-01
3.533712397273073291e-01
3.490218991715772767e-01
3.446276619655785911e-01
3.402070447070881798e-01
3.357935742710761451e-01
3.314250209697252592e-01
3.271327195316723890e-01
3.229341187613324893e-01
3.188300411669665602e-01
3.148066088562281317e-01
3.108408110349322184e-01
3.069048501941898932e-01
3.028364390795748595e-01
2.987326568332533405e-01
2.947009234120341881e-01
2.908266085663880895e-01
2.871500636183584310e-01
2.836613658948060612e-01
2.803087727029798804e-01
2.773968766573098321e-01
2.748425199318387246e-01
2.720537671583125872e-01
2.689849407674216875e-01
2.657184980054338452e-01
2.624166041125010618e-01
2.592462381679898620e-01
2.563206113573729406e-01
2.545394356815046666e-01
2.535920831651485852e-01
2.534051372587312612e-01
2.537942348014217697e-01
2.543611856117712344e-01
2.545801816835279729e-01
2.540400216947576451e-01
2.526742198521426119e-01
2.507789718255012956e-01
2.488180884954079575e-01
2.471912127236970125e-01
2.461124132744013926e-01
2.455968437008530236e-01
2.454817242912469832e-01
2.454653415919104131e-01
2.452045483215971600e-01
2.444650290467840492e-01
2.432349242442321813e-01
2.417166444356552146e-01
2.401174818809761191e-01
2.381743039825562902e-01
2.370276497981829433e-01
2.373630708198612993e-01
2.371917968825789924e-01
2.362658132619733786e-01
2.345969033183843699e-01
2.324422250047131766e-01
2.301620310805727598e-01
2.280595907212233930e-01
2.262929113083833599e-01
2.248637169827891469e-01
2.236444568263497856e-01
2.224257147241648358e-01
2.209917688040269612e-01
2.192498719847913446e-01
2.171966016174190495e-01
2.149788739515275104e-01
2.127705357794666685e-01
2.107078818474459325e-01
2.088511926333035951e-01
2.071805526709322998e-01
2.056144678271947246e-01
2.040435020085373530e-01
2.023733925047253024e-01
2.005634650542704456e-01
1.986406717291191726e-01
1.966811980967569096e-01
1.947723056100878203e-01
1.929769299945388594e-01
1.913157112728130771e-01
1.897674459877159436e-01
1.882824500856034033e-01
1.868036706866646190e-01
1.852897241957516261e-01
1.837309602273460296e-01
1.821505620496299549e-01
1.805906544851554885e-01
1.790922253576369416e-01
1.776795004151980051e-01
1.763541080211596113e-01
1.750983231136551688e-01
1.738842615158230354e-01
1.727205260383608554e-01
1.714936221145865469e-01
1.702114388486252183e-01
1.689381766493090187e-01
1.677523729638414896e-01
1.667797329098626713e-01
1.659331896072829271e-01
1.651369596496666259e-01
1.643075953640730780e-01
1.633912287146600528e-01
1.623917676017560818e-01
1.613636694207883082e-01
1.603749057628603703e-01
1.594717899215390700e-01
1.586988854385520398e-01
1.579366532635906317e-01
1.571588391507723892e-01
1.564182312552065135e-01
1.557536760722681157e-01
1.551309929956307954e-01
1.545154358147456386e-01
1.538791009407938781e-01
1.532199371512434627e-01
1.525498729353529648e-01
1.518945771233581321e-01
1.512745256911269265e-01
1.506974564325048727e-01
1.501697922830690646e-01
1.496280299763461386e-01
1.490469472118669536e-01
1.484747138212943740e-01
1.479530228569585215e-01
1.474680825911882931e-01
1.470027886105402803e-01
1.465367515456175163e-01
1.460551284344262513e-01
1.455582321750631680e-01
1.450584175701785938e-01
1.445711754984642383e-01
1.441205861657093301e-01
1.436537177337493532e-01
1.431682772207298338e-01
1.427294791869750668e-01
1.423111362398651325e-01
1.418996834199925117e-01
1.414904729022486429e-01
1.410220346353402154e-01
1.405328188637839371e-01
1.400730336791465858e-01
1.396388025261177668e-01
1.392261560910959817e-01
1.388314166081669188e-01
1.384425199159526332e-01
1.380448712909448927e-01
1.376319240479903228e-01
1.372226785669322102e-01
1.367916697787912028e-01
1.363492079165653792e-01
1.359234426965899023e-01
1.355217072285709867e-01
1.351418729225978832e-01
1.347779284671857813e-01
1.344091401083873372e-01
1.340183463888695026e-01
1.336110695043704610e-01
1.332061929397026501e-01
1.328163137993699783e-01
1.324436587183550340e-01
1.320724208938479360e-01
1.316967608935680767e-01
1.313398742893573945e-01
1.309912228585715099e-01
1.306397303485224426e-01
1.302793314084488285e-01
1.298958738110862210e-01
1.295241892744801171e-01
1.291690833915144498e-01
1.288125927781645363e-01
1.284736469152548688e-01
1.281475039847634334e-01
1.278263490825324034e-01
1.275044133611795694e-01
1.271535641216182677e-01
1.267943142602860895e-01
1.264532237176330676e-01
1.261287423178981959e-01
1.258203761047337055e-01
1.255245129391482917e-01
1.252305256617953777e-01
1.249298404288305825e-01
1.246033644010914043e-01
1.242680540695703245e-01
1.239536829226535464e-01
1.236582126764454309e-01
1.233804490068023674e-01
1.231147826340208973e-01
1.228525569947170742e-01
1.225635920183584665e-01
1.222542552744262656e-01
1.219575444221058652e-01
1.216759263821583503e-01
1.214110143349024368e-01
1.211616836878384035e-01
1.209096031980220198e-01
1.206572572423838668e-01
1.203989804214644216e-01
1.201294931575928315e-01
1.198664512605707305e-01
1.196149572569566444e-01
1.193756940930624927e-01
1.191496848394791586e-01
1.189167998114187830e-01
1.186759224587096290e-01
1.184417218968050745e-01
1.182125266864784419e-01
1.179890601127926986e-01
1.177700277573131005e-01
1.175476372695217486e-01
1.173293010241437673e-01
1.171154335204462327e-01
1.169082763004808956e-01
1.166966820461995957e-01
1.164870839384040957e-01
1.162889911047017555e-01
1.161008784646898190e-01
1.159173138177670564e-01
1.157308426609595653e-01
1.155365517659651536e-01
1.153303499058193349e-01
1.151162258061827620e-01
1.149111012170884322e-01
1.147235195395141932e-01
1.145495368928136082e-01
1.143781720005865865e-01
1.141987177964565309e-01
1.140013581909543189e-01
1.137965148108226326e-01
1.136085897013711238e-01
1.134431335978148686e-01
1.132990888280635267e-01
1.131599583625106931e-01
1.130204094374259449e-01
1.128725168156456266e-01
1.127104760790491184e-01
1.125511050173431254e-01
1.124112261970290211e-01
1.122956452837484409e-01
1.121966758974098921e-01
1.120975439211246844e-01
1.119804033417323569e-01
1.118422320119782654e-01
1.116898186465572901e-01
1.115475481944131070e-01
1.114368658558812508e-01
1.113666413690191648e-01
1.113232474734192345e-01
1.112785662786910101e-01
1.112027645931547848e-01
1.110848945834032736e-01
1.109435989313404258e-01
1.108066224336807237e-01
1.107035179040808948e-01
1.106485731351446039e-01
1.106356359077158985e-01
1.106351535993593121e-01
1.106088358072993688e-01
1.105315913205667244e-01
1.104105313767280994e-01
1.102780005417366982e-01
1.101670877440804885e-01
1.101014002831397498e-01
1.100858021978550483e-01
1.100958111980274434e-01
1.100897909377750311e-01
1.100441484932424135e-01
1.099591138571310300e-01
1.098579460315930456e-01
1.097683368964012113e-01
1.097150897205457915e-01
1.097052672364820097e-01
1.097196798401386952e-01
1.097228414321559375e-01
1.096845307705389960e-01
1.096002020281897776e-01
1.095017820731893909e-01
1.094297709459768342e-01
1.094008175987962600e-01
1.094061023817139711e-01
1.094143385279394143e-01
1.093994155189310924e-01
1.093573303181043788e-01
1.092978513536915636e-01
1.092368711654110175e-01
1.091867050487404095e-01
1.091503669691361589e-01
1.091272229414121525e-01
1.091141529098621082e-01
1.090991647309008661e-01
1.090703363468571857e-01
1.090306368043127694e-01
1.089853916246584647e-01
1.089402240091337931e-01
1.088980520910356464e-01
1.088645036189670040e-01
1.088442920566934508e-01
1.088393876997885146e-01
1.088392863853337028e-01
1.088260697983079450e-01
1.087861096134443983e-01
1.087188231630920182e-01
1.086395090881950437e-01
1.085700483730565880e-01
1.085286019732538271e-01
1.085174215193117492e-01
1.085251755085594461e-01
1.085346090116177109e-01
1.085266460564621865e-01
1.084893365613746885e-01
1.084251387487823043e-01
1.083481930119950948e-01
1.082765804308138680e-01
1.082234668230977748e-01
1.081941190867530544e-01
1.081818342377359743e-01
1.081737213355090932e-01
1.081611303679411301e-01
1.081359186341190048e-01
1.080930289492348373e-01
1.080336809483715965e-01
1.079645224445030388e-01
1.078952315888554031e-01
1.078365671591689084e-01
1.077959019971111015e-01
1.077710871835770162e-01
1.077521821778897604e-01
1.077295466753198649e-01
1.077020029190769307e-01
1.076692284570988090e-01
1.076290252924090723e-01
1.075779964197006999e-01
1.075146534676661852e-01
1.074408923349725181e-01
1.073636684853633144e-01
1.072981833629062937e-01
1.072538055188644035e-01
1.072283006140402756e-01
1.072111884692748401e-01
1.071845040950199640e-01
1.071323834062496011e-01
1.070520414743345305e-01
1.069596458534137623e-01
1.068804263989103498e-01
1.068304297327982433e-01
1.068065180270828252e-01
1.067881085148390669e-01
1.067491588877895192e-01
1.066797968839279936e-01
1.065912550570865952e-01
1.065073061124951481e-01
1.064477600027413789e-01
1.064114189728495447e-01
1.063776553267373332e-01
1.063255375562828370e-01
1.062492019226610324e-01
1.061617232491172957e-01
1.060834754950181896e-01
1.060290182228243311e-01
1.059932384591538157e-01
1.059538015893735363e-01
1.058892077842827073e-01
1.057999175774870793e-01
1.057052541210609514e-01
1.056271469633991017e-01
1.055707396719988145e-01
1.055216358038948837e-01
1.054616161943140173e-01
1.053826584067183159e-01
1.052918276296504752e-01
1.052048593053513253e-01
1.051347573825391069e-01
1.050846159898035648e-01
1.050406533448626917e-01
1.049799733786141165e-01
1.048877969209044969e-01
1.047727077756305941e-01
1.046598887005142642e-01
1.045718516214290406e-01
1.045133526798600748e-01
1.044706204802910848e-01
1.044204422658995407e-01
1.043447570431675631e-01
1.042395685448389842e-01
1.041220184751902728e-01
1.040161356834585354e-01
1.039363325947899180e-01
1.038789209797450347e-01
1.038264926444044389e-01
1.037617729261376964e-01
1.036737713471336669e-01
1.035630593570918412e-01
1.034417197673539179e-01
1.033288851477793119e-01
1.032366030101378868e-01
1.031632328334796400e-01
1.030953160966943533e-01
1.030175719625942149e-01
1.029239864739317500e-01
1.028204358677781288e-01
1.027202800796971627e-01
1.026350041105606181e-01
1.025608541649717376e-01
1.024808732220291035e-01
1.023781242815821751e-01
1.022544124467307525e-01
1.021275800580501297e-01
1.020166824130439021e-01
1.019284721526737270e-01
1.018540323593938313e-01
1.017761190587711112e-01
1.016818468691870064e-01
1.015715853800251284e-01
1.014573425262212669e-01
1.013516507793371241e-01
1.012581882077151635e-01
1.011679210299332443e-01
1.010707241371044257e-01
1.009627252424551841e-01
1.008484763080948199e-01
1.007368352067318784e-01
1.006297687851917394e-01
1.005248360102872218e-01
1.004179555073039104e-01
1.003073944676908108e-01
1.001947038399057938e-01
1.000831932555358988e-01
9.997527847262488443e-02
9.987074138725297867e-02
9.976704690770450690e-02
9.966137289676636757e-02
9.955208411901081411e-02
9.943743191664412839e-02
9.931743950104510166e-02
9.919589870547204646e-02
9.907795886567523358e-02
9.896562457619252628e-02
9.885704123704230906e-02
9.874790859813314947e-02
9.863478331764012619e-02
9.851747294055986093e-02
9.839880203566672701e-02
9.828227058215788237e-02
9.816920646938721851e-02
9.805427698025576122e-02
9.793268385523791475e-02
9.780463464423555520e-02
9.767542398937036074e-02
9.755091499552087653e-02
9.743311899211530569e-02
9.731905852459735162e-02
9.720338208149413572e-02
9.708251339741211239e-02
9.695712365292773194e-02
9.683116747091503884e-02
9.670854229823412640e-02
9.659014448959037102e-02
9.647345056824946363e-02
9.635467607437878113e-02
9.623169387777906481e-02
9.610544926634360940e-02
9.597891439487553356e-02
9.585461740430899213e-02
9.573276303628543149e-02
9.561128372472232906e-02
9.548759565025560780e-02
9.536059285135507768e-02
9.523134053303333735e-02
9.510204958951502807e-02
9.497428468271436330e-02
9.484784527313731839e-02
9.472109419413141107e-02
9.459234854589650132e-02
9.446118159826309701e-02
9.432864354555196840e-02
9.419632923527589130e-02
9.406512219781146267e-02
9.393460739466794052e-02
9.380353354051043646e-02
9.367087385639451258e-02
9.353661647840044724e-02
9.340169708929958736e-02
9.326720583372723195e-02
9.313355239161974497e-02
9.300023623067091294e-02
9.286634011570134295e-02
9.273129893030909732e-02
9.259532241530003815e-02
9.245917405130224531e-02
9.232353930546297049e-02
9.218851470603325882e-02
9.205360266811235537e-02
9.191816792746118625e-02
9.178195722030875470e-02
9.164526982171140868e-02
9.150867760836184361e-02
9.137255724520655653e-02
9.123681931414331925e-02
9.110102761468769073e-02
9.096477836782858317e-02
9.082801711538358858e-02
9.069104919936260556e-02
9.055426439778570258e-02
9.041782065855583084e-02
9.028154067058206944e-02
9.014508275995224140e-02
9.000822523965509858e-02
8.987102820966724748e-02
8.973375572635340636e-02
8.959664301641907802e-02
8.945970886044621317e-02
8.932275820088449170e-02
8.918555493335068862e-02
8.904801109702621675e-02
8.891023970721743941e-02
8.877244180469628931e-02
8.863473404396569888e-02
8.849706075610601352e-02
8.835925300690673778e-02
8.822117334817876355e-02
8.808282177394223533e-02
8.794432116305113400e-02
8.780580537557756970e-02
8.766730962513065439e-02
8.752875146308390641e-02
8.739000913127763226e-02
8.725102463539755049e-02
8.711184561733174847e-02
8.697257780380826531e-02
8.683329516459420416e-02
8.669398486414435501e-02
8.655456847365113060e-02
8.641497489150877509e-02
8.627520055037911362e-02
8.613530889524270706e-02
8.599537530391017370e-02
8.585542772103064990e-02
8.571543203211970385e-02
8.557532988378685479e-02
8.543509288394127155e-02
8.529474703680484104e-02
8.515435010278360473e-02
8.501394500435320578e-02
8.487352997455807624e-02
8.473306847326962654e-02
8.459252686774464125e-02
8.445190604012817182e-02
8.431124129951569901e-02
8.417057367895153241e-02
8.402991916596026789e-02
8.388926162015725163e-02
8.374857299824069179e-02
8.360784143377271438e-02
8.346708300774335898e-02
8.332632893719828238e-02
8.318560123022070152e-02
8.304489826714595013e-02
8.290420142836651962e-02
8.276349520466320941e-02
8.262278263343691975e-02
8.248208354461468439e-02
8.234141873665042077e-02
8.220079474966708599e-02
8.206020201054091412e-02
8.191962664028386298e-02
8.177906465506769307e-02
8.163852633559692817e-02
8.149802801380671979e-02
8.135757944272775655e-02
8.121717788588837805e-02
8.107681330490984495e-02
8.093647918243698780e-02
8.079617924278480190e-02
8.065592474686822388e-02
8.051572557443856248e-02
8.037558330179553345e-02
8.023549200012020099e-02
8.009544533723161885e-02
7.995544330644825670e-02
7.981549285785598247e-02
7.967560247845326127e-02
7.953577595692880309e-02
7.939601077214528124e-02
7.925630205097305980e-02
7.911664815636036685e-02
7.897705293461622367e-02
7.883752300492424814e-02
7.869806290888387013e-02
7.855867252033950365e-02
7.841934874134218192e-02
7.828008960449427123e-02
7.814089699359400010e-02
7.800177575326265600e-02
7.786273030792066618e-02
7.772376197015481991e-02
7.758486921611042197e-02
7.744605040252876271e-02
7.730730632003064706e-02
7.716864036738091404e-02
7.703005642231561256e-02
7.689155649278421600e-02
7.675314022694351701e-02
7.661480653238141036e-02
7.647655567974818991e-02
7.633838999493333666e-02
7.620031266577753648e-02
7.606232589456107807e-02
7.592443008691118767e-02
7.578662469262323342e-02
7.564890979645497171e-02
7.551128697992180727e-02
7.537375876096757965e-02
7.523632724424740570e-02
7.509899325446026119e-02
7.496175667522726738e-02
7.483364733309171013e-02
7.470816036722549569e-02
7.457980876125920588e-02
7.445035939011954151e-02
7.432255700701911882e-02
7.419761302818216053e-02
7.407430818701613018e-02
7.395034013468425316e-02
7.382451021894864684e-02
7.369771063583362147e-02
7.357192638982683330e-02
7.344834839926077386e-02
7.332638373154898304e-02
7.320435744959662150e-02
7.308111806415235057e-02
7.295701710516667993e-02
7.283343046421744682e-02
7.271139689505415338e-02
7.259069448278449022e-02
7.247014400395522526e-02
7.234874853211263612e-02
7.222655953360791747e-02
7.210450537066058485e-02
7.198343804643278498e-02
7.186334389960055691e-02
7.174341900414057949e-02
7.162285768572006217e-02
7.150156894503943705e-02
7.138017165905335970e-02
7.125934174473055882e-02
7.113917297164286391e-02
7.101913461994896481e-02
7.089860699980478353e-02
7.077744929103653437e-02
7.065607419961406066e-02
7.053500756505642899e-02
7.041438880611466944e-02
7.029387767537709220e-02
7.017301365678763059e-02
7.005165337503728440e-02
6.993007400147568942e-02
6.980867861826928200e-02
6.968761503911696797e-02
6.956666936322140893e-02
6.944550604318835973e-02
6.932399847046426256e-02
6.920233396758811162e-02
6.908081686524282505e-02
6.895958224994125363e-02
6.883849559852957267e-02
6.871731365885938581e-02
6.859593126677120123e-02
6.847447505631218401e-02
6.835317092120754556e-02
6.823213120397754461e-02
6.811126873120565417e-02
6.799040590801340433e-02
6.786945766498553301e-02
6.774850916593445904e-02
6.762772520798432385e-02
6.750719291181236925e-02
6.738685239888006495e-02
6.726657228497034957e-02
6.714628477970527309e-02
6.702604697119766974e-02
6.690597740676949845e-02
6.678614011603734024e-02
6.666649110854032390e-02
6.654693206533006389e-02
6.642740995130044790e-02
6.630796347821708847e-02
6.618867735428891896e-02
6.606959684638652464e-02
6.595068796790821974e-02
6.583187689071172410e-02
6.571312335046249065e-02
6.559445464234575640e-02
6.547593150910767379e-02
6.535758520989222442e-02
6.523938891051184186e-02
6.512128755144282188e-02
6.500325190221571681e-02
6.488530253840044115e-02
6.476748359362925755e-02
6.464981644099802860e-02
6.453227990806698067e-02
6.441483356156176010e-02
6.429745743468280594e-02
6.418016822130524768e-02
6.406299854724849252e-02
6.394596296743401687e-02
6.382904493194514750e-02
6.371221533831822326e-02
6.359546160544492233e-02
6.347879799276201496e-02
6.336224893262160096e-02
6.324582420995007725e-02
6.312951096026517273e-02
6.301328865709272808e-02
6.289715022650557708e-02
6.278110805262041016e-02
6.266518045019150995e-02
6.254937372841604115e-02
6.243367783834919554e-02
6.231807854896154880e-02
6.220257259086460488e-02
6.208717059028741325e-02
6.197188607921384762e-02
6.185672273876893085e-02
6.174167260718312761e-02
6.162672595070175369e-02
6.151188191897506014e-02
6.139714937505873216e-02
6.128253802406769674e-02
6.116804955492861212e-02
6.105367756464302048e-02
6.093941548618043991e-02
6.082526387441290761e-02
6.071122987226847123e-02
6.059732014287372986e-02
6.048353493246815676e-02
6.036986906699535332e-02
6.025631821725071363e-02
6.014288367125026485e-02
6.002957099285516351e-02
5.991638450034931368e-02
5.980332349530338709e-02
5.969038384985342338e-02
5.957756284439051642e-02
5.946486208962835363e-02
5.935228578684997869e-02
5.923983652835092262e-02
5.912751310293945517e-02
5.901531232358174506e-02
5.890323264826780730e-02
5.879127577073148953e-02
5.867944477411750348e-02
5.856774104823823934e-02
5.845616320955362988e-02
5.834470892472237019e-02
5.823337751079265406e-02
5.812217060193066581e-02
5.801109039498555942e-02
5.790013749187952752e-02
5.778931057255294601e-02
5.767860805470230445e-02
5.756802985839031689e-02
5.745757746731745830e-02
5.734725239000892233e-02
5.723705474782676134e-02
5.712698342090895276e-02
5.701703745185138922e-02
5.690721714820120430e-02
5.679752378333609991e-02
5.668795833830633096e-02
5.657852066913899441e-02
5.646920991352474828e-02
5.636002559830987496e-02
5.625096823969790577e-02
5.614203886673695826e-02
5.603323806361994869e-02
5.592456556523706795e-02
5.581602076972876081e-02
5.570760354883477761e-02
5.559931448842557467e-02
5.549115436508319371e-02
5.538312347503313721e-02
5.527522152549457779e-02
5.516744814640667932e-02
5.505980343027236379e-02
5.495228793576506510e-02
5.484490220315595133e-02
5.473764633362313003e-02
5.463052006469611838e-02
5.452352321485044034e-02
5.441665599687895566e-02
5.430991888520042554e-02
5.420331221911829644e-02
5.409683598317357317e-02
5.399048997759401530e-02
5.388427416216105825e-02
5.377818879566660659e-02
5.367223424436248086e-02
5.356641069299426100e-02
5.346071807226432382e-02
5.335515625804958945e-02
5.324972530615407901e-02
5.314442547140486167e-02
5.303925701206328031e-02
5.293422000721004217e-02
5.282931437919777262e-02
5.272454007761552541e-02
5.261989721408489445e-02
5.251538600993813782e-02
5.241100663048103153e-02
5.230675909313439731e-02
5.220264334000625228e-02
5.209865938177182798e-02
5.199480735271391763e-02
5.189108742699585081e-02
5.178749969895959926e-02
5.168404415896174497e-02
5.158072078122313137e-02
5.147752961895851742e-02
5.137447080415680212e-02
5.127154446165166357e-02
5.116875063791322814e-02
5.106608931965929410e-02
5.096356051348636257e-02
5.086116429505670167e-02
5.075890077785050192e-02
5.065677004292085117e-02
5.055477210925431869e-02
5.045290697268102476e-02
5.035117466471598913e-02
5.024957526576304817e-02
5.014810886284882391e-02
5.004677550305056122e-02
4.994557519347814223e-02
4.984450794329072648e-02
4.974357379806138013e-02
4.964277282994673107e-02
4.954210509860134531e-02
4.944157062822828602e-02
4.934116942420868623e-02
4.924090150730726922e-02
4.914076692644799016e-02
4.904076573827770985e-02
4.894089797893130811e-02
4.884116365984034203e-02
4.874156278966841616e-02
4.864209539591707321e-02
4.854276152254910492e-02
4.844356120854861197e-02
4.834449447288876461e-02
4.824556132177595935e-02
4.814676176803629054e-02
4.804809584020856145e-02
4.794956357227452004e-02
4.785116498728615025e-02
4.775290009358110210e-02
4.765476889650187287e-02
4.755677141124806800e-02
4.745890766248427040e-02
4.736117767248201188e-02
4.726358145206115136e-02
4.716611900409763136e-02
4.706879033453501698e-02
4.697159545788681667e-02
4.687453439174988495e-02
4.677760714742578568e-02
4.668081372756313630e-02
4.658415413270312194e-02
4.648762836862040809e-02
4.639123644621149373e-02
4.629497837470231830e-02
4.619885415652449923e-02
4.610286378941137742e-02
4.600700727263266898e-02
4.591128461002077360e-02
4.581569580671237402e-02
4.572024086386800024e-02
4.562491977748495131e-02
4.552973254231614669e-02
4.543467915590754247e-02
4.533975961824216611e-02
4.524497392783252692e-02
4.515032207900970124e-02
4.505580406331840398e-02
4.496141987313012622e-02
4.486716950311545743e-02
4.477305294809658803e-02
4.467907020016658598e-02
4.458522124831706956e-02
4.449150608082022562e-02
4.439792468735660746e-02
4.430447705852403467e-02
4.421116318354647440e-02
4.411798304895943323e-02
4.402493663966600135e-02
4.393202394096770019e-02
4.383924493915650894e-02
4.374659962008845687e-02
4.365408796764381344e-02
4.356170996379210569e-02
4.346946559006709121e-02
4.337735482862615372e-02
4.328537766171702827e-02
4.319353407032007486e-02
4.310182403362726455e-02
4.301024752987520766e-02
4.291880453742934892e-02
4.282749503487852383e-02
4.273631900010754769e-02
4.264527640954597631e-02
4.255436723843519786e-02
4.246359146169802895e-02
4.237294905437572617e-02
4.228243999116288593e-02
4.219206424566759872e-02
4.210182179029854643e-02
4.201171259682166120e-02
4.192173663693176539e-02
4.183189388211757537e-02
4.174218430312377770e-02
4.165260786956263145e-02
4.156316455028238877e-02
4.150184765591106995e-02
4.143366088212872139e-02
4.135518217834781296e-02
4.127942834193861626e-02
4.121190047032653042e-02
4.114528358566946903e-02
4.106932300045809670e-02
4.098335486454866838e-02
4.089625116183131376e-02
4.081497638089715690e-02
4.073668847715709168e-02
4.065300145106659491e-02
4.056037497289026461e-02
4.046384833722537627e-02
4.037015230841452945e-02
4.028668521542810160e-02
4.021177536030827449e-02
4.012269072542493792e-02
4.002361361576788762e-02
3.992677165556474811e-02
3.983750358380096224e-02
3.974918271665733860e-02
3.965337582210234219e-02
3.955725879625638514e-02
3.945719841436579056e-02
3.936344267351794129e-02
3.927589738451441742e-02
3.918561407618295633e-02
3.908678909108930649e-02
3.899299030865459315e-02
3.889971646886057621e-02
3.880978958331465084e-02
3.871946109752962689e-02
3.862724061729658209e-02
3.853890579004987105e-02
3.845506830486102035e-02
3.836505238887306934e-02
3.827205177672708680e-02
3.818723253518992861e-02
3.810785167073015012e-02
3.802576305004531920e-02
3.793722165209288677e-02
3.785179156003741496e-02
3.776650443034176158e-02
3.768381159106345274e-02
3.760303566870309977e-02
3.752352946270386125e-02
3.744442759130076764e-02
3.736057590248331034e-02
3.727545741196328782e-02
3.719721197072986540e-02
3.711841269911209107e-02
3.703616914257219783e-02
3.695242758529377475e-02
3.687458259202661820e-02
3.679897507100927251e-02
3.671910173879168460e-02
3.663445674208180153e-02
3.655249132602020334e-02
3.647232056648848364e-02
3.639155895900955673e-02
3.631012977627237626e-02
3.623117231734732102e-02
3.615304293681508713e-02
3.607098936089096763e-02
3.598615585672963746e-02
3.590875737038744936e-02
3.582777121272586601e-02
3.574477764200847951e-02
3.566223485753371863e-02
3.558000016018838391e-02
3.550284444489262142e-02
3.542417279290051985e-02
3.534091295479576539e-02
3.525603991924537717e-02
3.517290375402158664e-02
3.509837027427011036e-02
3.501843072419515146e-02
3.493313567057891589e-02
