1.817069596245313168e-01
1.806884307411387725e-01
1.796755665752181319e-01
1.786684745869164259e-01
1.776672602092279063e-01
1.766720265898497344e-01
1.756828743440861929e-01
1.746999013205879359e-01
1.737232023815477033e-01
1.727528691987816611e-01
1.717889900669190562e-01
1.708316497347065199e-01
1.698809292552009298e-01
1.689369058554016922e-01
1.679996528256389177e-01
1.670692394288135207e-01
1.661457308293740054e-01
1.652291880417091907e-01
1.643196678974549185e-01
1.634172230310472207e-01
1.625219018827028794e-01
1.616337487178882704e-01
1.607528036622281054e-01
1.598791027507275864e-01
1.590126779901172294e-01
1.581535574330896754e-01
1.573017652631783503e-01
1.564573218890198125e-01
1.556202440467601700e-01
1.547905449093876229e-01
1.539682342018149630e-01
1.531533183205867343e-01
1.523458004571422164e-01
1.515456807236313930e-01
1.507529562803529566e-01
1.499676214639554250e-01
1.491896679156180794e-01
1.484190847085062881e-01
1.476558584738698610e-01
1.468999735252285721e-01
1.461514119801590739e-01
1.454101538792682835e-01
1.446761773020016906e-01
1.439494584789962062e-01
1.432299719007453787e-01
1.425176904223953434e-01
1.418125853645391121e-01
1.411146266099187752e-01
1.404237826959856550e-01
1.397400209033014817e-01
1.390633073397946340e-01
1.383936070209128566e-01
1.377308839457346556e-01
1.370751011691233867e-01
1.364262208700214862e-01
1.357842044159988659e-01
1.351490124241770396e-01
1.345206048186603220e-01
1.338989408846116003e-01
1.332839793191141209e-01
1.326756782789627609e-01
1.320739954255301385e-01
1.314788879668529198e-01
1.308903126970806241e-01
1.303082260334297304e-01
1.297325840507799477e-01
1.291633425140491509e-01
1.286004569084766569e-01
1.280438824679411280e-01
1.274935742014349227e-01
1.269494869178114660e-01
1.264115752489164135e-01
1.258797936712093835e-01
1.253540965259765660e-01
1.248344380382301333e-01
1.243207723343849325e-01
1.238130534587981862e-01
1.233112353892516222e-01
1.228152720514531226e-01
1.223251173326283525e-01
1.218407250942682984e-01
1.213620491840959881e-01
1.208890434473109121e-01
1.204216617371634129e-01
1.199598579249124691e-01
1.195035859092114239e-01
1.190527996249673426e-01
1.186074530517132325e-01
1.181675002215314269e-01
1.177328952265629392e-01
1.173035922261350256e-01
1.168795454535359185e-01
1.164607092224660689e-01
1.160470379331892538e-01
1.156384860784074181e-01
1.152350082488822758e-01
1.148365591388204182e-01
1.144430935510430264e-01
1.140545664019543687e-01
1.136709327263265012e-01
1.132921476819114814e-01
1.129181665538966234e-01
1.125489447592120523e-01
1.121844378507020207e-01
1.118246015211704497e-01
1.114693916073077051e-01
1.111187640935078352e-01
1.107726751155831413e-01
1.104310809643822139e-01
1.100939380893181663e-01
1.097612031018111028e-01
1.094328327786506933e-01
1.091087840652830016e-01
1.087890140790244431e-01
1.084734801122077125e-01
1.081621396352614450e-01
1.078549502997272758e-01
1.075518699412162243e-01
1.072528565823061553e-01
1.069578684353834491e-01
1.066668639054287882e-01
1.063798015927499147e-01
1.060966402956616400e-01
1.058173390131147418e-01
1.055418569472738738e-01
1.052701535060459881e-01
1.050021883055599209e-01
1.047379211725962128e-01
1.044773121469695226e-01
1.042203214838626213e-01
1.039669096561122580e-01
1.037170373564476195e-01
1.034706654996806752e-01
1.032277552248494351e-01
1.029882678973124271e-01
1.027521651107961981e-01
1.025194086893947143e-01
1.022899606895196767e-01
1.020637834018037066e-01
1.018408393529542932e-01
1.016210913075586697e-01
1.014045022698403520e-01
1.011910354853658850e-01
1.009806544427019476e-01
1.007733228750232329e-01
1.005690047616692312e-01
1.003676643296518289e-01
1.001692660551112835e-01
9.997377466472202878e-02
9.978115513704712003e-02
9.959137270384121887e-02
9.940439285130243940e-02
9.922018132127199963e-02
9.903870411238233085e-02
9.885992748115281226e-02
9.868381794303345000e-02
9.851034227339608429e-02
9.833946750847290252e-02
9.817116094624282752e-02
9.800539014726503129e-02
9.784212293545901939e-02
9.768132739883349236e-02
9.752297189016072287e-02
9.736702502759947420e-02
9.721345569526462782e-02
9.706223304374406169e-02
9.691332649056325077e-02
9.676670572059724307e-02
9.662234068643039964e-02
9.648020160866364880e-02
9.634025897617021217e-02
9.620248354629902521e-02
9.606684634502689335e-02
9.593331866705934186e-02
9.580187207587997911e-02
9.567247840374951129e-02
9.554510975165436681e-02
9.541973848920458356e-02
9.529633725448269366e-02
9.517487895384292573e-02
9.505533676166103008e-02
9.493768412003644741e-02
9.482189473844550298e-02
9.470794259334765208e-02
9.459580192774411089e-02
9.448544725069010775e-02
9.437685333676124055e-02
9.426999522547355181e-02
9.416484822065966653e-02
9.406138788979954979e-02
9.395959006330802110e-02
9.385943083377905338e-02
9.376088655518728665e-02
9.366393384204764472e-02
9.356854956853410954e-02
9.347471086755747283e-02
9.338239512980345269e-02
9.329158000273143903e-02
9.320224338953507492e-02
9.311436344806486853e-02
9.302791858971411199e-02
9.294288747826809360e-02
9.285924902871822706e-02
9.277698240604149993e-02
9.269606702394569964e-02
9.261648254358191557e-02
9.253820887222417857e-02
9.246122616191827792e-02
9.238551480809900629e-02
9.231105544817828912e-02
9.223782896010360166e-02
9.216581646088869983e-02
9.209499930511642896e-02
9.202535908341508142e-02
9.195687762090917761e-02
9.188953697564503087e-02
9.182331943699244270e-02
9.175820752402301383e-02
9.169418398386607050e-02
9.163123179004295515e-02
9.156933414078088918e-02
9.150847445730640739e-02
9.144863638212016865e-02
9.138980377725333670e-02
9.133196072250678033e-02
9.127509151367313445e-02
9.121918066074390097e-02
9.116421288610097873e-02
9.111017312269427404e-02
9.105704651220632162e-02
9.100481840320379101e-02
9.095347434927751606e-02
9.090300010717208834e-02
9.085338163490451480e-02
9.080460508987395207e-02
9.075665682696279490e-02
9.070952339662986808e-02
9.066319154299651295e-02
9.061764820192631797e-02
9.057288049909931194e-02
9.052887574808103632e-02
9.048562144838780130e-02
9.044310528354791712e-02
9.040131511916063567e-02
9.036023900095278838e-02
9.031986515283381423e-02
9.028018197495013553e-02
9.024117804173951984e-02
9.020284209998565006e-02
9.016516306687392956e-02
9.012813002804927198e-02
9.009173223567555622e-02
9.005595910649877300e-02
9.002080021991307190e-02
8.998624531603116594e-02
8.995228429375906609e-02
8.991890720887620037e-02
8.988610427212108400e-02
8.985386584728310977e-02
8.982218244930090245e-02
8.979104474236807021e-02
8.976044353804642217e-02
8.973036979338716579e-02
8.970081460906069448e-02
8.967176922749528489e-02
8.964322503102549466e-02
8.961517354004941427e-02
8.958760641119731249e-02
8.956051543550974658e-02
8.953389253662713543e-02
8.950772976899037947e-02
8.948201931605336001e-02
8.945675348850677666e-02
8.943192472251479397e-02
8.940752557796391442e-02
8.938354873672485490e-02
8.935998700092719071e-02
8.933683329124779415e-02
8.931408064521255408e-02
8.929172221551200106e-02
8.926975126833121277e-02
8.924816118169387469e-02
8.922694544382053783e-02
8.920609765150232240e-02
8.918561150848858254e-02
8.916548082389037788e-02
8.914569951059864161e-02
8.912626158371807217e-02
8.910716115901602674e-02
8.908839245138767959e-02
8.906994977333626551e-02
8.905182753346971292e-02
8.903402023501272300e-02
8.901652247433516907e-02
8.899932893949659418e-02
8.898243440880684862e-02
8.896583374940271460e-02
8.894952191584107326e-02
8.893349394870857239e-02
8.891774497324707316e-02
8.890227019799588903e-02
8.888706491345052529e-02
8.887212449073726706e-02
8.885744438030475367e-02
8.884302011063181792e-02
8.882884728695122911e-02
8.881492158999063080e-02
8.880123877472902161e-02
8.878779466916994489e-02
8.877458517313102648e-02
8.876160625704933305e-02
8.874885396080321731e-02
8.873632439255016435e-02
8.872401372758066673e-02
8.871191820718804522e-02
8.870003413755403465e-02
8.868835788865073178e-02
8.867688589315732284e-02
8.866561464539336745e-02
8.865454070026700106e-02
8.864366067223901358e-02
8.863297123430169400e-02
8.862246911697367613e-02
8.861215110730934208e-02
8.860201404792314439e-02
8.859205483602937414e-02
8.858227042249623706e-02
8.857265781091466783e-02
8.856321405668174385e-02
8.855393626609847635e-02
8.854482159548170139e-02
8.853586725029023718e-02
8.852707048426519676e-02
8.851842859858358170e-02
8.850993894102621162e-02
8.850159890515882366e-02
8.849340592952668894e-02
8.848535749686259333e-02
8.847745113330772460e-02
8.846968440764577113e-02
8.846205493054971891e-02
8.845456035384129112e-02
8.844719836976294713e-02
8.843996671026221890e-02
8.843286314628844014e-02
8.842588548710127172e-02
8.841903157959123127e-02
8.841229930761208833e-02
8.840568659132458373e-02
8.839919138655194519e-02
8.839281168414646339e-02
8.838654550936704546e-02
8.838039092126831475e-02
8.837434601209964713e-02
8.836840890671589233e-02
8.836257776199771263e-02
8.835685076628273238e-02
8.835122613880688758e-02
8.834570212915578147e-02
8.834027701672562960e-02
8.833494911019459939e-02
8.832971674700303144e-02
8.832457829284370843e-02
8.831953214116085304e-02
8.831457671265889597e-02
8.830971045481979254e-02
8.830493184142917951e-02
8.830023937211158025e-02
8.829563157187388100e-02
8.829110699065746692e-02
8.828666420289835171e-02
8.828230180709555064e-02
8.827801842538786359e-02
8.827381270313772177e-02
8.826968330852362488e-02
8.826562893213937833e-02
8.826164828660156003e-02
8.825774010616374565e-02
8.825390314633804745e-02
8.825013618352402223e-02
8.824643801464412962e-02
8.824280745678628191e-02
8.823924334685302739e-02
8.823574454121714539e-02
8.823230991538393020e-02
8.822893836365972020e-02
8.822562879882654696e-02
8.822238015182294613e-02
8.821919137143074963e-02
8.821606142396801187e-02
8.821298929298693192e-02
8.820997397897854808e-02
8.820701449908173453e-02
8.820410988679877606e-02
8.820125919171549478e-02
8.819846147922687229e-02
8.819571583026777906e-02
8.819302134104886615e-02
8.819037712279699515e-02
8.818778230150112196e-02
8.818523601766208031e-02
8.818273742604784693e-02
8.818028569545276196e-02
8.817788000846155105e-02
8.817551956121751078e-02
8.817320356319503782e-02
8.817093123697633539e-02
8.816870181803233841e-02
8.816651455450758013e-02
8.816436870700899986e-02
8.816226354839847013e-02
8.816019836358963968e-02
8.815817244934769092e-02
8.815618511409346880e-02
8.815423567771066282e-02
8.815232347135699975e-02
8.815044783727808697e-02
8.814860812862543304e-02
8.814680370927718833e-02
8.814503395366236893e-02
8.814329824658806434e-02
8.814159598306985088e-02
8.813992656816521665e-02
8.813828941680991458e-02
8.813668395365706343e-02
8.813510961291944057e-02
8.813356583821425894e-02
8.813205208241076116e-02
8.813056780748051988e-02
8.812911248435018052e-02
8.812768559275717395e-02
8.812628662110735811e-02
8.812491506633557403e-02
8.812357043376858878e-02
8.812225223698996746e-02
8.812095999770780397e-02
8.811969324562433925e-02
8.811845151830813294e-02
8.811723436106781715e-02
8.811604132682879231e-02
8.811487197601135246e-02
8.811372587641108645e-02
8.811260260308136083e-02
8.811150173821777343e-02
8.811042287104425830e-02
8.810936559770139731e-02
8.810832952113656358e-02
8.810731425099539715e-02
8.810631940351600078e-02
8.810534460142384339e-02
8.810438947382907837e-02
8.810345365612520796e-02
8.810253678988962112e-02
8.810163852278538044e-02
8.810075850846511847e-02
8.809989640647600262e-02
8.809905188216640703e-02
8.809822460659411103e-02
8.809741425643602408e-02
8.809662051389906268e-02
8.809584306663272024e-02
8.809508160764316365e-02
8.809433583520787092e-02
8.809360545279283639e-02
8.809289016896998392e-02
8.809218969733642601e-02
8.809150375643498565e-02
8.809083206967568969e-02
8.809017436525876099e-02
8.808953037609840164e-02
8.808889983974840798e-02
8.808828249832829915e-02
8.808767809845068075e-02
8.808708639115031547e-02
8.808650713181341574e-02
8.808594008010853238e-02
8.808538499991852566e-02
8.808484165927325804e-02
8.808430983028357752e-02
8.808378928907631411e-02
8.808327981572988685e-02
8.808278119421142360e-02
8.808229321231435260e-02
8.808181566159724307e-02
8.808134833732347846e-02
8.808089103840167911e-02
8.808044356732731839e-02
8.808000573012496337e-02
8.807957733629143138e-02
8.807915819873983476e-02
8.807874813374454159e-02
8.807834696088677473e-02
8.807795450300108520e-02
8.807757058612274148e-02
8.807719503943577111e-02
8.807682769522169608e-02
8.807646838880936468e-02
8.807611695852510247e-02
8.807577324564387633e-02
8.807543709434123569e-02
8.807510835164546192e-02
8.807478686739131368e-02
8.807447249417360569e-02
8.807416508730186999e-02
8.807386450475573891e-02
8.807357060714071650e-02
8.807328325764501864e-02
8.807300232199653800e-02
8.807272766842089151e-02
8.807245916759999516e-02
8.807219669263086081e-02
8.807194011898558661e-02
8.807168932447163867e-02
8.807144418919259088e-02
8.807120459550987768e-02
8.807097042800457465e-02
8.807074157344027543e-02
8.807051792072605190e-02
8.807029936088034416e-02
8.807008578699510037e-02
8.806987709420074917e-02
8.806967317963143582e-02
8.806947394239075799e-02
8.806927928351841739e-02
8.806908910595673268e-02
8.806890331451835974e-02
8.806872181585392867e-02
8.806854451842040243e-02
8.806837133244996285e-02
8.806820216991924355e-02
8.806803694451921516e-02
8.806787557162520930e-02
8.806771796826776133e-02
8.806756405310363356e-02
8.806741374638729636e-02
8.806726696994314485e-02
8.806712364713772945e-02
8.806698370285259703e-02
8.806684706345770108e-02
8.806671365678493679e-02
8.806658341210223118e-02
8.806645626008810512e-02
8.806633213280645744e-02
8.806621096368186241e-02
8.806609268747520036e-02
8.806597724025978791e-02
8.806586455939754976e-02
8.806575458351609265e-02
8.806564725248555714e-02
8.806554250739634382e-02
8.806544029053675615e-02
8.806534054537136502e-02
8.806524321651955367e-02
8.806514824973422917e-02
8.806505559188120003e-02
8.806496519091873421e-02
8.806487699587736695e-02
8.806479095684013880e-02
8.806470702492312508e-02
8.806462515225624288e-02
8.806454529196447445e-02
8.806446739814918767e-02
8.806439142586999780e-02
8.806431733112678184e-02
8.806424507084199826e-02
8.806417460284338139e-02
8.806410588584681620e-02
8.806403887943949071e-02
8.806397354406342304e-02
8.806390984099936314e-02
8.806384773235037544e-02
8.806378718102664260e-02
8.806372815072971427e-02
8.806367060593732476e-02
8.806361451188850220e-02
8.806355983456892744e-02
8.806350654069637629e-02
8.806345459770674455e-02
8.806340397373971229e-02
8.806335463762546278e-02
8.806330655887081860e-02
8.806325970764626587e-02
8.806321405477285369e-02
8.806316957170921833e-02
8.806312623053924593e-02
8.806308400395962410e-02
8.806304286526756009e-02
8.806300278834910955e-02
8.806296374766722779e-02
8.806292571825023729e-02
8.806288867568073941e-02
8.806285259608426230e-02
8.806281745611836687e-02
8.806278323296203026e-02
8.806274990430500160e-02
8.806271744833749082e-02
8.806268584373992681e-02
8.806265506967311807e-02
8.806262510576837177e-02
8.806259593211772374e-02
8.806256752926473752e-02
8.806253987819503970e-02
8.806251296032724385e-02
8.806248675750399935e-02
8.806246125198324837e-02
8.806243642642948288e-02
8.806241226390551513e-02
8.806238874786385951e-02
8.806236586213880835e-02
8.806234359093829955e-02
8.806232191883613114e-02
8.806230083076417581e-02
8.806228031200495632e-02
8.806226034818392945e-02
8.806224092526264424e-02
8.806222202953119249e-02
8.806220364760135311e-02
8.806218576639973650e-02
8.806216837316098445e-02
8.806215145542124756e-02
8.806213500101145453e-02
8.806211899805124754e-02
8.806210343494255688e-02
8.806208830036350854e-02
8.806207358326238743e-02
8.806205927285183643e-02
8.806204535860294447e-02
8.806203183023977865e-02
8.806201867773356950e-02
8.806200589129753453e-02
8.806199346138134099e-02
8.806198137866605435e-02
8.806196963405876765e-02
8.806195821868781359e-02
8.806194712389774082e-02
8.806193634124448444e-02
8.806192586249060594e-02
8.806191567960069966e-02
8.806190578473692410e-02
8.806189617025433902e-02
8.806188682869681150e-02
8.806187775279245011e-02
8.806186893544973304e-02
8.806186036975319209e-02
8.806185204895937424e-02
8.806184396649317792e-02
8.806183611594360638e-02
8.806182849106032606e-02
8.806182108574987788e-02
8.806181389407184701e-02
8.806180691023578200e-02
8.806180012859711470e-02
8.806179354365439860e-02
8.806178715004547852e-02
8.806178094254447919e-02
8.806177491605864105e-02
8.806176906562503126e-02
8.806176338640768486e-02
8.806175787369448227e-02
8.806175252289422106e-02
8.806174732953386819e-02
8.806174228925565950e-02
8.806173739781437970e-02
8.806173265107473946e-02
8.806172804500859985e-02
8.806172357569261311e-02
8.806171923930554424e-02
8.806171503212584240e-02
8.806171095052936493e-02
8.806170699098690713e-02
8.806170315006178750e-02
8.806169942440800202e-02
8.806169581076747632e-02
8.806169230596842812e-02
8.806168890692295248e-02
8.806168561062499567e-02
8.806168241414849551e-02
8.806167931464529974e-02
8.806167630934320922e-02
8.806167339554422935e-02
8.806167057062262715e-02
8.806166783202321047e-02
8.806166517725944054e-02
8.806166260391196099e-02
8.806166010962665491e-02
8.806165769211324323e-02
8.806165534914342508e-02
8.806165307854962876e-02
8.806165087822312443e-02
8.806164874611296933e-02
8.806164668022409270e-02
8.806164467861625489e-02
8.806164273940229881e-02
8.806164086074719233e-02
8.806163904086640459e-02
8.806163727802464314e-02
8.806163557053474367e-02
8.806163391675632390e-02
8.806163231509449296e-02
8.806163076399885214e-02
8.806162926196230145e-02
8.806162780751984609e-02
8.806162639924748625e-02
8.806162503576124567e-02
8.806162371571611691e-02
8.806162243780492338e-02
8.806162120075745892e-02
8.806162000333941919e-02
8.806161884435161069e-02
8.806161772262875720e-02
8.806161663703894471e-02
8.806161558648231691e-02
8.806161456989071434e-02
8.806161358622639768e-02
8.806161263448152032e-02
8.806161171367712925e-02
8.806161082286252662e-02
8.806160996111447870e-02
8.806160912753643877e-02
8.806160832125789484e-02
8.806160754143357861e-02
8.806160678724281321e-02
8.806160605788895812e-02
8.806160535259854871e-02
8.806160467062081054e-02
8.806160401122703485e-02
8.806160337370984303e-02
8.806160275738278420e-02
8.806160216157966902e-02
8.806160158565401463e-02
8.806160102897840625e-02
8.806160049094417797e-02
8.806159997096077441e-02
8.806159946845516784e-02
8.806159898287149734e-02
8.806159851367056923e-02
8.806159806032930193e-02
8.806159762234042065e-02
8.806159719921190232e-02
8.806159679046647593e-02
8.806159639564144215e-02
8.806159601428807659e-02
8.806159564597129674e-02
8.806159529026917621e-02
8.806159494677270883e-02
8.806159461508544783e-02
8.806159429482295076e-02
8.806159398561268226e-02
8.806159368709345903e-02
8.806159339891528326e-02
8.806159312073899570e-02
8.806159285223577604e-02
8.806159259308722620e-02
8.806159234298455152e-02
8.806159210162875506e-02
8.806159186873013800e-02
8.806159164400799433e-02
8.806159142719043043e-02
8.806159121801410139e-02
8.806159101622391960e-02
8.806159082157283269e-02
8.806159063382154595e-02
8.806159045273835584e-02
8.806159027809894180e-02
8.806159010968607481e-02
8.806158994728936762e-02
8.806158979070527471e-02
8.806158963973657883e-02
8.806158949419259918e-02
8.806158935388851139e-02
8.806158921864566669e-02
8.806158908829098131e-02
8.806158896265711689e-02
8.806158884158198086e-02
8.806158872490887912e-02
8.806158861248612746e-02
8.806158850416698214e-02
8.806158839980947339e-02
8.806158829927632214e-02
8.806158820243469021e-02
8.806158810915612478e-02
8.806158801931630864e-02
8.806158793279515729e-02
8.806158784947651363e-02
8.806158776924796761e-02
8.806158769200091163e-02
8.806158761763031861e-02
8.806158754603468641e-02
8.806158747711591295e-02
8.806158741077908803e-02
8.806158734693250723e-02
8.806158728548758863e-02
8.806158722635870628e-02
8.806158716946310694e-02
8.806158711472089617e-02
8.806158706205474695e-02
8.806158701139009393e-02
8.806158696265477259e-02
8.806158691577917197e-02
8.806158687069609581e-02
8.806158682734047116e-02
8.806158678564963982e-02
8.806158674556294197e-02
8.806158670702191049e-02
8.806158666997009055e-02
8.806158663435290079e-02
8.806158660011773054e-02
8.806158656721370381e-02
8.806158653559183203e-02
8.806158650520470865e-02
8.806158647600667577e-02
8.806158644795360202e-02
8.806158642100302136e-02
8.806158639511380004e-02
8.806158637024631697e-02
8.806158634636242211e-02
8.806158632342517278e-02
8.806158630139912513e-02
8.806158628024987611e-02
8.806158625994442435e-02
8.806158624045083705e-02
8.806158622173837491e-02
8.806158620377736723e-02
8.806158618653925352e-02
8.806158616999651412e-02
8.806158615412242041e-02
8.806158613889154829e-02
8.806158612427907040e-02
8.806158611026133898e-02
8.806158609681531690e-02
8.806158608391900788e-02
8.806158607155105400e-02
8.806158605969097164e-02
8.806158604831908210e-02
8.806158603741628954e-02
8.806158602696427529e-02
8.806158601694538679e-02
8.806158600734266539e-02
8.806158599813976307e-02
8.806158598932088688e-02
8.806158598087088230e-02
8.806158597277512212e-02
8.806158596501963143e-02
8.806158595759078223e-02
8.806158595047557103e-02
8.806158594366152170e-02
8.806158593713656058e-02
8.806158593088904418e-02
8.806158592490787029e-02
8.806158591918224199e-02
8.806158591370190358e-02
8.806158590845684919e-02
8.806158590343751702e-02
8.806158589863483099e-02
8.806158589403985382e-02
8.806158588964410616e-02
8.806158588543946952e-02
8.806158588141806132e-02
8.806158587757231815e-02
8.806158587389500969e-02
8.806158587037916929e-02
8.806158586701813562e-02
8.806158586380542774e-02
8.806158586073484229e-02
8.806158585780046733e-02
8.806158585499661295e-02
8.806158585231782521e-02
8.806158584975874726e-02
8.806158584731441086e-02
8.806158584497995878e-02
8.806158584275070034e-02
8.806158584062215300e-02
8.806158583859004241e-02
8.806158583665028849e-02
8.806158583479885282e-02
8.806158583303201615e-02
8.806158583134614248e-02
8.806158582973766524e-02
8.806158582820329539e-02
8.806158582673974389e-02
8.806158582534402701e-02
8.806158582401316104e-02
8.806158582274427327e-02
8.806158582153465753e-02
8.806158582038174643e-02
8.806158581928298645e-02
8.806158581823603226e-02
8.806158581723858014e-02
8.806158581628839577e-02
8.806158581538336971e-02
8.806158581452151746e-02
8.806158581370092386e-02
8.806158581291968768e-02
8.806158581217603254e-02
8.806158581146834863e-02
8.806158581079488734e-02
8.806158581015419151e-02
8.806158580954467907e-02
8.806158580896503163e-02
8.806158580841375039e-02
8.806158580788965573e-02
8.806158580739142927e-02
8.806158580691790527e-02
8.806158580646784861e-02
8.806158580604028785e-02
8.806158580563414051e-02
8.806158580524836577e-02
8.806158580488201992e-02
8.806158580453422868e-02
8.806158580420411774e-02
8.806158580389077117e-02
8.806158580359348120e-02
8.806158580331141517e-02
8.806158580304390693e-02
8.806158580279017933e-02
8.806158580254964952e-02
8.806158580232162358e-02
8.806158580210556031e-02
8.806158580190075191e-02
8.806158580170680983e-02
8.806158580152310955e-02
8.806158580134915148e-02
8.806158580118449153e-02
8.806158580102861622e-02
8.806158580088116472e-02
8.806158580074167908e-02
8.806158580060971519e-02
8.806158580048496776e-02
8.806158580036703432e-02
8.806158580025558180e-02
8.806158580015030490e-02
8.806158580005084280e-02
8.806158579995693181e-02
8.806158579986828050e-02
8.806158579978459744e-02
8.806158579970566058e-02
8.806158579963123401e-02
8.806158579956102628e-02
8.806158579949484311e-02
8.806158579943246245e-02
8.806158579937373165e-02
8.806158579931840091e-02
8.806158579926633145e-02
8.806158579921731511e-02
8.806158579917125473e-02
8.806158579912791440e-02
8.806158579908714146e-02
8.806158579904885264e-02
8.806158579901289529e-02
8.806158579897914451e-02
8.806158579894746152e-02
8.806158579891772142e-02
8.806158579888984095e-02
8.806158579886375071e-02
8.806158579883925641e-02
8.806158579881635806e-02
8.806158579879490300e-02
8.806158579877480796e-02
8.806158579875608683e-02
8.806158579873854531e-02
8.806158579872218339e-02
8.806158579870695946e-02
8.806158579869272085e-02
8.806158579867945368e-02
8.806158579866708858e-02
8.806158579865558389e-02
8.806158579864488412e-02
8.806158579863493374e-02
8.806158579862570501e-02
8.806158579861711466e-02
8.806158579860920432e-02
8.806158579860180746e-02
8.806158579859502122e-02
8.806158579858876234e-02
8.806158579858296143e-02
8.806158579857760460e-02
8.806158579857265023e-02
8.806158579856812607e-02
8.806158579856397661e-02
8.806158579856018798e-02
8.806158579855664914e-02
8.806158579855347113e-02
8.806158579855055679e-02
8.806158579854793389e-02
8.806158579854549140e-02
8.806158579854335422e-02
8.806158579854136970e-02
8.806158579853957946e-02
8.806158579853799739e-02
8.806158579853658186e-02
8.806158579853527735e-02
8.806158579853415325e-02
8.806158579853316792e-02
8.806158579853229362e-02
8.806158579853153034e-02
8.806158579853087809e-02
8.806158579853030910e-02
8.806158579852986501e-02
8.806158579852946255e-02
8.806158579852915724e-02
